# Simple events minimized by cpp, with combinatorics
# Selection of events shifted by 0 
1	572.09	181.507	145.487	99.2375	 0	 4.83837
2	568.023	180.338	144.061	97.0082	 0	 1.21198e-07
3	568.022	180.337	144.06	97.0072	 0	 2.12846e-07
4	568.023	180.337	144.06	97.0073	 0	 4.83679e-08
5	568.022	180.336	144.059	97.006	 0	 7.44965e-08
6	568.024	180.337	144.061	97.008	 0	 1.48223e-07
7	568.023	180.336	144.059	97.0063	 0	 4.02096e-07
8	568.025	180.338	144.062	97.0089	 0	 1.56696e-06
9	568.023	180.338	144.061	97.0085	 0	 3.64317e-07
10	568.023	180.337	144.06	97.0071	 0	 1.83707e-07
11	568.023	180.337	144.06	97.0071	 0	 2.64695e-07
12	568.023	180.337	144.06	97.0068	 0	 8.19779e-08
13	568.023	180.337	144.06	97.0072	 0	 2.66382e-07
14	568.023	180.337	144.059	97.0062	 0	 1.25782e-07
15	568.023	180.338	144.061	97.0087	 0	 5.14936e-07
16	568.023	180.337	144.06	97.0071	 0	 2.11068e-07
17	568.025	180.338	144.061	97.008	 0	 2.23333e-07
18	568.388	179.799	143.014	95.2306	 0	 2.24878
19	568.023	180.337	144.06	97.0074	 0	 1.23178e-07
20	568.023	180.337	144.06	97.007	 0	 2.45964e-07
21	568.023	180.337	144.06	97.0073	 0	 1.07588e-07
22	568.345	180.912	144.744	97.9616	 0	 0.474255
23	568.023	180.337	144.06	97.0075	 0	 3.54919e-07
24	568.023	180.337	144.06	97.0071	 0	 5.72389e-07
25	568.024	180.338	144.062	97.0095	 0	 1.51693e-06
26	568.022	180.336	144.059	97.0053	 0	 1.61358e-07
27	568.022	180.336	144.059	97.0067	 0	 2.85872e-08
28	568.023	180.337	144.06	97.0071	 0	 2.02845e-07
29	568.023	180.337	144.06	97.0067	 0	 1.44779e-07
30	568.024	180.338	144.061	97.0081	 0	 3.21762e-07
31	568.023	180.337	144.06	97.0068	 0	 4.40306e-08
32	568.024	180.338	144.061	97.0089	 0	 1.67511e-06
33	568.023	180.337	144.06	97.0077	 0	 1.68149e-07
34	568.023	180.337	144.06	97.007	 0	 1.25868e-07
35	568.022	180.337	144.06	97.007	 0	 2.24755e-07
36	568.024	180.338	144.062	97.0093	 0	 5.50789e-07
37	568.023	180.337	144.06	97.0068	 0	 2.13963e-07
38	569.615	181.076	144.753	97.7501	 0	 0.461632
39	568.023	180.337	144.059	97.0066	 0	 9.73436e-08
40	568.023	180.337	144.06	97.0068	 0	 5.17782e-08
41	568.023	180.337	144.06	97.0072	 0	 9.02216e-08
42	568.023	180.338	144.061	97.0084	 0	 9.42207e-07
43	568.023	180.337	144.06	97.0072	 0	 5.6299e-08
44	568.023	180.336	144.059	97.0062	 0	 1.42102e-07
45	568.023	180.338	144.061	97.0085	 0	 1.23829e-07
46	568.021	180.333	144.056	97.0025	 0	 2.08887e-06
47	568.022	180.336	144.059	97.0056	 0	 7.86192e-07
48	568.025	180.339	144.062	97.0095	 0	 1.48188e-06
49	568.023	180.337	144.059	97.0065	 0	 1.37922e-07
50	568.023	180.337	144.06	97.0069	 0	 6.18456e-08
51	568.024	180.338	144.061	97.0087	 0	 2.44213e-07
52	568.035	180.403	144.138	97.0507	 0	 0.00472432
53	568.023	180.337	144.06	97.0075	 0	 2.42778e-08
54	568.023	180.337	144.06	97.0073	 0	 1.54155e-07
55	568.023	180.337	144.06	97.0073	 0	 9.07336e-07
56	568.023	180.337	144.06	97.0073	 0	 1.13715e-07
57	568.023	180.338	144.061	97.008	 0	 8.64587e-08
58	568.023	180.337	144.06	97.007	 0	 2.12732e-06
59	568.023	180.337	144.06	97.0067	 0	 3.40762e-07
60	568.023	180.337	144.06	97.0069	 0	 8.2415e-07
61	568.023	180.337	144.06	97.0071	 0	 3.77383e-07
62	568.023	180.337	144.06	97.0072	 0	 1.64114e-07
63	568.023	180.337	144.06	97.0074	 0	 1.04261e-07
64	568.023	180.338	144.061	97.0083	 0	 4.07908e-07
65	568.024	180.338	144.061	97.0086	 0	 1.21211e-07
66	568.022	180.336	144.059	97.0064	 0	 1.72611e-07
67	568.024	180.337	144.06	97.007	 0	 3.49828e-06
68	568.022	180.337	144.059	97.0068	 0	 4.08368e-07
69	568.024	180.338	144.061	97.0085	 0	 1.58387e-07
70	568.022	180.337	144.059	97.0064	 0	 5.96924e-07
71	568.023	180.337	144.06	97.0069	 0	 1.625e-07
72	568.023	180.336	144.059	97.0056	 0	 1.7528e-06
73	568.023	180.337	144.06	97.0068	 0	 2.47429e-07
74	568.025	180.338	144.061	97.0079	 0	 6.006e-07
75	568.021	180.337	144.06	97.0077	 0	 1.26052e-06
76	568.023	180.336	144.059	97.0066	 0	 4.19524e-07
77	568.023	180.337	144.06	97.0077	 0	 3.69549e-08
78	568.023	180.337	144.06	97.0071	 0	 5.04734e-07
79	568.023	180.337	144.059	97.0066	 0	 3.27081e-08
80	568.023	180.337	144.06	97.0074	 0	 8.26471e-08
81	568.023	180.338	144.062	97.0094	 0	 2.9296e-06
82	568.024	180.339	144.062	97.011	 0	 8.7745e-07
83	568.023	180.338	144.061	97.0084	 0	 1.79702e-07
84	568.022	180.337	144.06	97.0071	 0	 2.31769e-07
85	567.837	179.999	143.67	96.5102	 0	 0.262542
86	568.023	180.336	144.059	97.0066	 0	 7.19689e-07
87	568.024	180.337	144.06	97.0076	 0	 6.17621e-07
88	568.022	180.336	144.059	97.0063	 0	 1.88806e-07
89	568.023	180.337	144.061	97.0082	 0	 4.37013e-07
90	568.023	180.337	144.06	97.0068	 0	 1.14434e-07
91	568.023	180.337	144.06	97.0071	 0	 1.62505e-08
92	568.024	180.337	144.06	97.007	 0	 7.20035e-07
93	568.023	180.337	144.06	97.0076	 0	 9.2386e-08
94	571.749	183.745	147.435	101.207	 0	 1.21339
95	568.023	180.337	144.06	97.0072	 0	 4.31343e-08
96	568.023	180.336	144.059	97.0062	 0	 1.64247e-06
97	568.023	180.337	144.06	97.0068	 0	 2.30738e-07
98	568.023	180.337	144.06	97.0071	 0	 9.62425e-08
99	568.023	180.206	143.906	96.923	 0	 0.0610608
100	568.023	180.337	144.06	97.0074	 0	 7.54915e-08
