# MASS DIFF FIT. combinatorics locked to one choice
# Event file name = ../events/herwigpp-9563-events-complete-momcons-20150314_only_OFL.dat, SIMPLEX tolerance = 1e-13
Combinatorical choice 1
1	0	560.596	159.064	129.269	0	 7677.61
2	1	0	0	0	0	 1e+30
3	2	534.159	166.216	126.895	0	 24292.3
4	3	527.935	212.645	178.701	0	 5986.9
5	4	570.931	168.755	126.846	0	 25.371
6	5	478.433	143.464	108.767	0	 988.292
7	6	488.264	158.765	120.465	0	 2252.21
8	7	575.161	194.16	157.746	0	 42074.7
9	8	411.489	129.508	89.8529	0	 11.0924
10	9	493.193	115.839	78.6264	0	 963.559
11	10	502.062	160.395	125.091	0	 17169.3
12	11	588.556	220.544	183.553	0	 4332.64
13	12	0	0	0	0	 1e+30
14	13	549.928	186.11	145.608	0	 23179.9
15	14	506.284	165.952	127.394	0	 20358.8
16	15	471.272	119.311	81.0492	0	 322.773
17	16	524.181	133.226	82.8285	0	 4950.73
18	17	0	0	0	0	 1e+30
19	18	558.953	142.195	104.539	0	 417.15
20	19	559.088	168.137	124.34	0	 1041.85
21	20	497.429	147.772	115.282	0	 25.9268
22	21	538.295	128.027	84.3792	0	 185.982
23	22	500.912	130.66	85.6456	0	 1635.08
24	23	517.909	139.507	107.219	0	 1127.64
25	24	547.83	222.605	186.496	0	 31434.2
26	25	580.782	184.108	140.541	0	 20675.4
27	26	551.84	229.644	195.966	0	 11948.8
28	27	499.153	176.041	138.287	0	 20910.3
29	28	0	0	0	0	 1e+30
30	29	0	0	0	0	 1e+30
31	30	611.588	238.924	201.164	0	 1429.19
32	31	559.836	166.55	130.324	0	 65881.9
33	32	506.151	112.115	76.7981	0	 1682.19
34	33	523.359	162.164	102.502	0	 13480.4
35	34	574.19	187.75	154.537	0	 33368.6
36	35	538.656	143.576	113.059	0	 883.613
37	36	589.78	127.136	95.7384	0	 38553.9
38	37	545.668	180.396	127.63	0	 24931.5
39	38	0	0	0	0	 1e+30
40	39	0	0	0	0	 1e+30
41	40	594.413	170.787	128.158	0	 31790.1
42	41	587.277	202.623	163.409	0	 1241.14
43	42	498.446	178.065	121.732	0	 1374.06
44	43	582.802	172.168	133.175	0	 384.872
45	44	584.934	179.921	143.98	0	 24343
46	45	497.343	117.296	85.1459	0	 5522.05
47	46	582.459	169.959	133.044	0	 23122.2
48	47	549.552	120.543	76.209	0	 1417.03
49	48	545.69	149.561	107.583	0	 26.7254
50	49	537.137	127.316	92.9035	0	 170.818
51	50	565.068	169.067	130.302	0	 1649.93
52	51	548.292	176.85	141.722	0	 70.4511
53	52	526.301	140.883	103.063	0	 30863.8
54	53	571.691	178.402	121.83	0	 868.475
55	54	580.777	206.187	164.786	0	 10819.2
56	55	0	0	0	0	 1e+30
57	56	502.968	167.82	129.629	0	 2193.26
58	57	544.733	129.913	101.034	0	 955.531
59	58	0	0	0	0	 1e+30
60	59	0	0	0	0	 1e+30
61	60	537.329	119.362	77.681	0	 1399.69
62	61	514.085	131.853	96.3054	0	 25648.7
63	62	0	0	0	0	 1e+30
64	63	0	0	0	0	 1e+30
65	64	0	0	0	0	 1e+30
66	65	589.138	190.426	156.812	0	 69242.7
67	66	0	0	0	0	 1e+30
68	67	0	0	0	0	 1e+30
69	68	606.876	153.434	93.2263	0	 3875.74
70	69	0	0	0	0	 1e+30
71	70	0	0	0	0	 1e+30
72	71	0	0	0	0	 1e+30
73	72	567.091	185.892	143.67	0	 8247.89
74	73	0	0	0	0	 1e+30
75	74	573.257	157.448	128.69	0	 24915.7
76	75	593.923	300.794	259.315	0	 7435.36
77	76	0	0	0	0	 1e+30
78	77	0	0	0	0	 1e+30
79	78	535.313	120.457	77.7298	0	 2026.81
80	79	541.19	159.976	123.127	0	 25906.1
81	80	492.968	127.033	82.0799	0	 4429.73
82	81	0	0	0	0	 1e+30
83	82	622.326	189.418	158.509	0	 8248.45
84	83	0	0	0	0	 1e+30
85	84	0	0	0	0	 1e+30
86	85	557.547	151.789	122.242	0	 10556
87	86	0	0	0	0	 1e+30
88	87	482.303	109.33	68.1683	0	 2719.64
89	88	536.133	154.242	117.077	0	 1505.07
90	89	486.559	156.174	118.582	0	 4931.64
91	90	397.337	120.011	85.8195	0	 2291.39
92	91	554.613	123.168	57.732	0	 726.12
93	92	608.862	150.512	116.437	0	 38379.7
94	93	500.847	112.844	71.7945	0	 1751.12
95	94	0	0	0	0	 1e+30
96	95	469.529	119.317	84.194	0	 1250.87
97	96	0	0	0	0	 1e+30
98	97	0	0	0	0	 1e+30
99	98	521.185	124.251	94.7796	0	 281.946
100	99	475.719	177.439	138.58	0	 3157.7
Combinatorical choice 2
1	0	0	0	0	0	 1e+30	
2	1	599.154	159.338	109.218	0	 3882.8	
3	2	531.734	165.517	130.333	0	 13771.9	
4	3	0	0	0	0	 1e+30	
5	4	559.312	157.455	114.045	0	 13804.2	
6	5	502.085	134.695	104.005	0	 874.844	
7	6	477.735	121.335	89.7213	0	 1179.17	
8	7	545.14	171.186	132.113	0	 14648.9	
9	8	0	0	0	0	 1e+30	
10	9	511.949	164.338	121.546	0	 128160	
11	10	522.455	155.123	120.173	0	 27.8666	
12	11	552.708	173.153	131.337	0	 1218.44	
13	12	510.779	100.955	50.0653	0	 1229.15	
14	13	574.022	213.304	173.311	0	 55563.6	
15	14	504.442	163.564	124.801	0	 14397.1	
16	15	623.63	155.657	115.866	0	 13698.7	
17	16	506.748	123.403	74.4738	0	 4111.22	
18	17	609.444	202.818	168.14	0	 1695.25	
19	18	479.923	131.205	79.9269	0	 9276.98	
20	19	548.705	151.823	112.385	0	 19793.2	
21	20	0	0	0	0	 1e+30	
22	21	590.287	171.37	124.746	0	 5540.9	
23	22	506.186	189.688	161.287	0	 2885.09	
24	23	0	0	0	0	 1e+30	
25	24	547.19	215.472	178.573	0	 28776	
26	25	583.672	166.104	128.755	0	 2886.72	
27	26	0	0	0	0	 1e+30	
28	27	633.835	203.05	162.801	0	 13751.5	
29	28	0	0	0	0	 1e+30	
30	29	503.514	108.816	39.4807	0	 1277.42	
31	30	584.22	155.9	122.343	0	 64.8438	
32	31	437.606	173.134	132.938	0	 29340.8	
33	32	508.041	112.194	78.2623	0	 2516.78	
34	33	507.009	122.236	87.3033	0	 24234.2	
35	34	510.73	147.399	113.409	0	 2580.69	
36	35	536.562	192.007	130.036	0	 30158.2	
37	36	520.849	279.2	241.124	0	 756.252	
38	37	550.644	147.529	102.697	0	 5896.82	
39	38	0	0	0	0	 1e+30	
40	39	529.496	152.855	121.673	0	 9413.49	
41	40	533.922	175.04	132.878	0	 24809.7	
42	41	636.855	252.265	209.298	0	 8093.78	
43	42	464.078	134.658	96.0469	0	 3940.9	
44	43	0	0	0	0	 1e+30	
45	44	562.657	170.78	131.583	0	 44836.8	
46	45	581.018	172.423	117.867	0	 34589.2	
47	46	553.133	158.092	116.238	0	 126271	
48	47	613.507	168.792	137.606	0	 174.753	
49	48	0	0	0	0	 1e+30	
50	49	539.724	134.919	91.7479	0	 50623.7	
51	50	561.616	190.458	155.502	0	 2662.09	
52	51	570.851	153.191	123.732	0	 5430.15	
53	52	671.291	268.845	239.827	0	 1905.99	
54	53	607.479	180.355	143.191	0	 12130.3	
55	54	563	175.915	138.213	0	 3811.08	
56	55	553.892	151.705	117.312	0	 237.313	
57	56	591.524	239.851	209.12	0	 3.73676e+06	
58	57	512.105	145.137	99.5298	0	 5562.66	
59	58	546.658	158.456	117.437	0	 19177.7	
60	59	0	0	0	0	 1e+30	
61	60	534.94	117.051	74.9303	0	 1207.91	
62	61	496.149	125.099	65.9902	0	 809.109	
63	62	0	0	0	0	 1e+30	
64	63	555.876	202.526	164.599	0	 21.3874	
65	64	547.486	165.67	135.609	0	 3940.32	
66	65	512.888	145.743	105.941	0	 72.4867	
67	66	0	0	0	0	 1e+30	
68	67	513.903	111.391	77.0263	0	 17143.7	
69	68	478.995	100.612	34.0834	0	 513.086	
70	69	509.239	226.347	186.542	0	 5450.98	
71	70	518.268	177.156	141.659	0	 23431.7	
72	71	599.316	174.205	133.283	0	 35.6665	
73	72	563.527	173.332	127.866	0	 8460.38	
74	73	514.391	152.489	117.957	0	 1458.92	
75	74	489.489	127.242	93.945	0	 21362.1	
76	75	576.852	141.062	108.593	0	 6840.77	
77	76	545	164.597	128.153	0	 26098.8	
78	77	570.754	157.793	108.07	0	 458.894	
79	78	562.953	149.934	90.9351	0	 1042.17	
80	79	549.343	165.833	115.292	0	 3432.01	
81	80	502.68	203.148	167.063	0	 10545.1	
82	81	499.98	138.583	101.128	0	 1594.64	
83	82	589.196	133.166	98.7764	0	 7330.71	
84	83	557.632	182.656	144.664	0	 7023.7	
85	84	495.135	128.901	98.3031	0	 4444.79	
86	85	525.955	130.587	88.4691	0	 2394.7	
87	86	0	0	0	0	 1e+30	
88	87	0	0	0	0	 1e+30	
89	88	0	0	0	0	 1e+30	
90	89	558.142	127.474	90.2144	0	 5052.14	
91	90	483.915	196.974	159.802	0	 14052.4	
92	91	514.11	135.391	85.3871	0	 1842.71	
93	92	529.74	123.643	92.1508	0	 3102.4	
94	93	487.202	115.719	82.4121	0	 191.948	
95	94	0	0	0	0	 1e+30	
96	95	524.259	183.585	118.552	0	 572.911	
97	96	0	0	0	0	 1e+30	
98	97	521.001	135.142	104.475	0	 9941.23	
99	98	570.593	180.162	139.794	0	 563.14	
100	99	589.733	146.704	76.0013	0	 808.923	
Combinatorical choice 3
1	0	609.076	178.328	147.549	0	 6256.62	
2	1	598.363	148.092	111.875	0	 7193.29	
3	2	537.278	164.706	129.936	0	 44396.2	
4	3	498.869	156.458	119.888	0	 21167.2	
5	4	621.834	199.075	163.377	0	 61879.2	
6	5	550.384	147.582	94.9908	0	 3513.79	
7	6	0	0	0	0	 1e+30	
8	7	577.973	199.058	162.8	0	 230.122	
9	8	421.154	127.482	87.9808	0	 1102	
10	9	586.186	167.523	127.499	0	 21995.6	
11	10	624.039	173.878	141.37	0	 20038.8	
12	11	602.269	200.127	155.971	0	 10951.6	
13	12	0	0	0	0	 1e+30	
14	13	601.113	204.421	162.6	0	 55184.4	
15	14	554.818	174.601	138.164	0	 34967.9	
16	15	0	0	0	0	 1e+30	
17	16	521.66	142.142	107.327	0	 7887.07	
18	17	515.589	159.057	118.582	0	 10462.6	
19	18	463.535	148.142	88.0676	0	 5850.67	
20	19	538.227	142.095	107.558	0	 12868.5	
21	20	469.719	134.447	98.2847	0	 2600.74	
22	21	569.49	139.559	63.7423	0	 5.92948	
23	22	554.399	136.403	108.82	0	 1096.37	
24	23	522.847	130.161	86.9879	0	 52826.4	
25	24	551.444	159.829	126.141	0	 878.947	
26	25	579.276	185.663	140.654	0	 2428.97	
27	26	631.167	211.806	167.336	0	 14.9537	
28	27	632.295	171.025	139.636	0	 16039.3	
29	28	440.718	111.757	73.725	0	 47.2664	
30	29	582.828	178.83	128.404	0	 9839.78	
31	30	556.683	188.736	150.774	0	 20716.8	
32	31	433.968	172.79	140.634	0	 47140.9	
33	32	0	0	0	0	 1e+30	
34	33	524.283	132.833	87.8672	0	 20669.4	
35	34	565.062	147.759	101.339	0	 4910.26	
36	35	531.275	160.169	132.454	0	 1548.85	
37	36	540.488	323.231	282.654	0	 17785.2	
38	37	553.271	144.015	105.502	0	 6578.89	
39	38	0	0	0	0	 1e+30	
40	39	559.601	199.685	160.12	0	 21558	
41	40	558.432	199.656	164.618	0	 31641.7	
42	41	556.463	203.27	163.833	0	 838.039	
43	42	472.467	134.356	97.7215	0	 6239.43	
44	43	0	0	0	0	 1e+30	
45	44	543.469	176.43	139.745	0	 45132.6	
46	45	564.801	144.334	117.56	0	 36887.5	
47	46	578.891	165.561	128.592	0	 33982.3	
48	47	733.904	225.087	182.227	0	 7341.12	
49	48	529.306	131.562	93.0768	0	 6418.29	
50	49	547.71	160.269	123.027	0	 691.675	
51	50	569.392	187.869	149.167	0	 679.942	
52	51	524.632	130.22	95.4695	0	 13.1532	
53	52	0	0	0	0	 1e+30	
54	53	575.843	168.115	121.067	0	 1190.47	
55	54	579.652	200.912	158.886	0	 21025.9	
56	55	527.619	155.995	103.106	0	 15948.6	
57	56	516.611	184.192	144.218	0	 3321.49	
58	57	556.75	222.558	191.595	0	 25484.2	
59	58	581.667	166.688	127.266	0	 38745.9	
60	59	0	0	0	0	 1e+30	
61	60	0	0	0	0	 1e+30	
62	61	0	0	0	0	 1e+30	
63	62	493.423	140.249	54.0601	0	 339.51	
64	63	539.98	152.995	119.378	0	 11058.6	
65	64	586.214	252.208	209.062	0	 24654.6	
66	65	0	0	0	0	 1e+30	
67	66	540.59	146.667	97.7363	0	 5180.32	
68	67	419.688	148.97	111.238	0	 3924.71	
69	68	0	0	0	0	 1e+30	
70	69	426.077	160.939	125.856	0	 24531.1	
71	70	510.553	153.874	115.288	0	 12993.5	
72	71	0	0	0	0	 1e+30	
73	72	0	0	0	0	 1e+30	
74	73	452.935	123.028	88.8171	0	 2432.63	
75	74	0	0	0	0	 1e+30	
76	75	590.722	196.091	153.837	0	 8839.85	
77	76	550.578	171.905	132.988	0	 26178.4	
78	77	0	0	0	0	 1e+30	
79	78	528.433	116.322	70.9307	0	 3382.26	
80	79	0	0	0	0	 1e+30	
81	80	577.811	166.292	123.457	0	 6150.81	
82	81	599.898	199.367	163.6	0	 19937.9	
83	82	592.896	152.421	107.31	0	 7102.72	
84	83	0	0	0	0	 1e+30	
85	84	0	0	0	0	 1e+30	
86	85	592.115	178.735	141.363	0	 59.848	
87	86	0	0	0	0	 1e+30	
88	87	0	0	0	0	 1e+30	
89	88	0	0	0	0	 1e+30	
90	89	517.02	147.341	109.522	0	 13287.3	
91	90	863.683	338.39	288.143	0	 12982.4	
92	91	0	0	0	0	 1e+30	
93	92	503.678	114.01	78.4189	0	 8404.35	
94	93	630.906	233.736	196.152	0	 23686.1	
95	94	0	0	0	0	 1e+30	
96	95	499.155	130.205	95.332	0	 3450	
97	96	627.163	212.017	169.849	0	 62122.6	
98	97	0	0	0	0	 1e+30	
99	98	555.607	135.435	105.071	0	 2792.19	
100	99	487.409	181.656	140.118	0	 7982.17	
Combinatorical choice 4
1	0	510.678	111.044	60.5837	0	 1424.61	
2	1	533.79	225.187	178.47	0	 2809.5	
3	2	563.755	202.919	166.861	0	 5052.32	
4	3	512.816	183.435	140.767	0	 241.073	
5	4	598.533	165.883	131.068	0	 26562.3	
6	5	550	132.289	86.2345	0	 66.774	
7	6	0	0	0	0	 1e+30	
8	7	549.798	180.53	140.559	0	 26943.8	
9	8	0	0	0	0	 1e+30	
10	9	551.135	222.126	185.436	0	 101708	
11	10	584.908	143.96	111.383	0	 58159.6	
12	11	595.004	268.351	230.388	0	 189892	
13	12	0	0	0	0	 1e+30	
14	13	621.265	203.182	155.548	0	 32695.9	
15	14	666.515	255.604	221.305	0	 204609	
16	15	0	0	0	0	 1e+30	
17	16	516.489	122.193	91.3545	0	 4313.54	
18	17	510.71	136.972	87.4274	0	 10433.4	
19	18	469.219	114.862	42.0548	0	 433.007	
20	19	556.238	167.13	132.57	0	 22852.7	
21	20	508.708	227.487	187.152	0	 512.33	
22	21	584.298	161.358	119.112	0	 4511.29	
23	22	0	0	0	0	 1e+30	
24	23	521.624	144.402	97.6777	0	 16420.9	
25	24	551.698	174.872	138.09	0	 2126.37	
26	25	600.232	199.25	162.393	0	 34278.9	
27	26	503.066	156.678	116.556	0	 684.976	
28	27	544.013	125.262	82.898	0	 38.3074	
29	28	0	0	0	0	 1e+30	
30	29	474.912	116.44	55.6118	0	 59.015	
31	30	0	0	0	0	 1e+30	
32	31	0	0	0	0	 1e+30	
33	32	0	0	0	0	 1e+30	
34	33	0	0	0	0	 1e+30	
35	34	593.951	233.178	185.748	0	 6933.85	
36	35	0	0	0	0	 1e+30	
37	36	582.614	169.402	103.575	0	 7078.8	
38	37	534.655	138.06	109.11	0	 4124.45	
39	38	0	0	0	0	 1e+30	
40	39	548.413	134.255	78.9445	0	 1625.09	
41	40	571.53	152.179	119.831	0	 13106.4	
42	41	552.486	203.729	167.025	0	 22272.5	
43	42	438.534	123.825	93.8312	0	 20267.4	
44	43	544.585	143.128	90.2494	0	 6593.36	
45	44	537.228	158.397	121.849	0	 25969.3	
46	45	515.29	137.157	83.0318	0	 4452.61	
47	46	557.573	160.83	108.912	0	 16077.9	
48	47	0	0	0	0	 1e+30	
49	48	0	0	0	0	 1e+30	
50	49	647.785	322.918	281.975	0	 94281.3	
51	50	630.684	244.516	208.851	0	 4675.74	
52	51	565.584	141.574	106.734	0	 5772.16	
53	52	564.746	179.769	141.077	0	 82347.4	
54	53	544.857	153.807	128.385	0	 444.05	
55	54	550.334	136.658	99.2303	0	 89.4839	
56	55	509.232	153.631	102.777	0	 11125.5	
57	56	453.676	155.444	120.202	0	 1.05537e+07	
58	57	557.047	232.64	204.782	0	 640.786	
59	58	531.724	151.312	106.068	0	 17612.6	
60	59	468.215	109.023	70.7424	0	 1564.86	
61	60	0	0	0	0	 1e+30	
62	61	502.548	128.231	93.3611	0	 13268.3	
63	62	0	0	0	0	 1e+30	
64	63	552.873	179.177	146.621	0	 46949.4	
65	64	541.423	134.519	77.5308	0	 12021.3	
66	65	562.412	206.122	165.627	0	 1607.84	
67	66	522.423	117.568	68.7612	0	 929.506	
68	67	467.381	244.273	211.034	0	 6969.31	
69	68	583.429	120.709	89.4829	0	 5079.67	
70	69	450.633	153.18	107.976	0	 11992.1	
71	70	511.156	169.212	129.541	0	 11358.8	
72	71	555.714	132.838	91.883	0	 2728.91	
73	72	546.106	167.056	129.924	0	 11771.9	
74	73	423.721	112.594	76.8323	0	 1768.29	
75	74	480.227	116.929	68.6937	0	 2642.37	
76	75	650.382	337.931	299.989	0	 3736.61	
77	76	568.969	146.435	118.575	0	 20393.1	
78	77	464.432	134.796	99.7047	0	 10701.4	
79	78	538.314	129.251	74.8399	0	 2466.45	
80	79	558.093	187.32	141.99	0	 23230	
81	80	0	0	0	0	 1e+30	
82	81	484.426	111.867	73.2549	0	 1250.27	
83	82	607.494	169.227	123.931	0	 15.9155	
84	83	555.129	168.233	119.535	0	 4818.71	
85	84	517.756	151.559	104.326	0	 2068.4	
86	85	520.881	149.872	107.502	0	 1697.56	
87	86	0	0	0	0	 1e+30	
88	87	0	0	0	0	 1e+30	
89	88	463.605	147.091	107.444	0	 100172	
90	89	545.132	126.616	89.0236	0	 1115.98	
91	90	467.941	133.099	83.5712	0	 3145.29	
92	91	545.985	110.914	74.7051	0	 5227.86	
93	92	515.312	115.524	79.6372	0	 3220.85	
94	93	0	0	0	0	 1e+30	
95	94	533.575	129.737	79.4977	0	 2125.06	
96	95	492.938	151.242	100.659	0	 53856.2	
97	96	556.672	180.451	138.339	0	 29902.9	
98	97	471.205	112.371	75.3597	0	 1285.26	
99	98	578.988	183.252	142.824	0	 2158.82	
100	99	489.847	134.644	74.5681	0	 415.839	
Combinatorical choice 5
1	0	301.415	113.683	77.8884	0	 1.07095e+06	
2	1	590.929	590.932	515.801	0	 1.04746e+09	
3	2	0	0	0	0	 1e+30	
4	3	594.755	157.575	125.961	0	 33438.5	
5	4	464.232	152.645	117.771	0	 48727.8	
6	5	0	0	0	0	 1e+30	
7	6	443.628	203.017	157.976	0	 71243.1	
8	7	632.028	413.252	378.169	0	 2.47131e+06	
9	8	0	0	0	0	 1e+30	
10	9	400.772	96.9131	46.5218	0	 879632	
11	10	0	0	0	0	 1e+30	
12	11	572.288	159.826	121.988	0	 505783	
13	12	628.932	266.277	237.131	0	 39675.7	
14	13	0	0	0	0	 1e+30	
15	14	498.954	180.017	134.291	0	 1.28081e+06	
16	15	615.175	232.316	196.695	0	 32608.9	
17	16	0	0	0	0	 1e+30	
18	17	526.955	233.529	188.831	0	 11200.8	
19	18	0	0	0	0	 1e+30	
20	19	584.852	272.323	241.232	0	 184340	
21	20	0	0	0	0	 1e+30	
22	21	0	0	0	0	 1e+30	
23	22	427.132	108.296	71.1841	0	 312130	
24	23	910.134	530.874	501.597	0	 3.14004e+06	
25	24	0	0	0	0	 1e+30	
26	25	0	0	0	0	 1e+30	
27	26	0	0	0	0	 1e+30	
28	27	403.146	138.012	83.6306	0	 2.68441e+06	
29	28	110.696	110.696	71.3185	0	 815678	
30	29	442.242	195.487	143.621	0	 10465.5	
31	30	690.195	442.712	410.356	0	 1.94341e+06	
32	31	0	0	0	0	 1e+30	
33	32	475.205	157.787	113.139	0	 251708	
34	33	609.68	240.568	206.906	0	 280621	
35	34	0	0	0	0	 1e+30	
36	35	0	0	0	0	 1e+30	
37	36	0	0	0	0	 1e+30	
38	37	0	0	0	0	 1e+30	
39	38	337.087	204.433	162.784	0	 125119	
40	39	539.543	183.001	157.513	0	 1333.55	
41	40	0	0	0	0	 1e+30	
42	41	718.658	174.324	139.412	0	 27.9031	
43	42	223.146	223.161	191.603	0	 8.43091e+08	
44	43	1300.03	1131.09	1096.84	0	 757201	
45	44	0	0	0	0	 1e+30	
46	45	1171.92	1005.32	976.84	0	 3.77501e+07	
47	46	0	0	0	0	 1e+30	
48	47	697.225	345.563	299.408	0	 3.14878e+06	
49	48	504.309	309.72	267.811	0	 203561	
50	49	0	0	0	0	 1e+30	
51	50	0	0	0	0	 1e+30	
52	51	0	0	0	0	 1e+30	
53	52	0	0	0	0	 1e+30	
54	53	493.364	159.768	135.506	0	 686643	
55	54	596.694	160.782	130.898	0	 2620.69	
56	55	0	0	0	0	 1e+30	
57	56	0	0	0	0	 1e+30	
58	57	0	0	0	0	 1e+30	
59	58	0	0	0	0	 1e+30	
60	59	774.63	414.496	321.708	0	 3.15109e+06	
61	60	585.625	310.269	281.034	0	 534283	
62	61	0	0	0	0	 1e+30	
63	62	544.784	271.076	234.771	0	 332896	
64	63	0	0	0	0	 1e+30	
65	64	0	0	0	0	 1e+30	
66	65	506.914	177.999	128.718	0	 2684.32	
67	66	577.41	252.037	180.817	0	 22042.8	
68	67	0	0	0	0	 1e+30	
69	68	1115.28	833.15	792.145	0	 5.02435e+07	
70	69	0	0	0	0	 1e+30	
71	70	0	0	0	0	 1e+30	
72	71	715.418	581.447	539.617	0	 942859	
73	72	422.342	208.267	184.44	0	 268312	
74	73	0	0	0	0	 1e+30	
75	74	365.034	207.464	183.979	0	 647049	
76	75	1286.96	1166.75	1125.31	0	 5.09158e+06	
77	76	0	0	0	0	 1e+30	
78	77	0	0	0	0	 1e+30	
79	78	0	0	0	0	 1e+30	
80	79	0	0	0	0	 1e+30	
81	80	368.657	181.448	140.867	0	 4.13962e+06	
82	81	0	0	0	0	 1e+30	
83	82	725.657	236.584	206.974	0	 115715	
84	83	680.684	348.787	318.335	0	 1.01683e+08	
85	84	555.509	146.739	98.6241	0	 35449.5	
86	85	549.139	367.97	323.325	0	 98606.1	
87	86	732.298	193.585	141.823	0	 30213	
88	87	563.887	240.995	201.941	0	 359424	
89	88	0	0	0	0	 1e+30	
90	89	578.476	159.748	101.044	0	 381624	
91	90	0	0	0	0	 1e+30	
92	91	766.922	587.949	549.869	0	 2.43641e+06	
93	92	0	0	0	0	 1e+30	
94	93	0	0	0	0	 1e+30	
95	94	0	0	0	0	 1e+30	
96	95	0	0	0	0	 1e+30	
97	96	0	0	0	0	 1e+30	
98	97	0	0	0	0	 1e+30	
99	98	0	0	0	0	 1e+30	
100	99	0	0	0	0	 1e+30	
Combinatorical choice 6
1	0	0	0	0	0	 1e+30	
2	1	345.685	345.691	331.676	0	 9.06245e+08	
3	2	0	0	0	0	 1e+30	
4	3	0	0	0	0	 1e+30	
5	4	449.609	142.051	103.766	0	 93328.4	
6	5	0	0	0	0	 1e+30	
7	6	441.956	197.986	168.837	0	 31715.2	
8	7	0	0	0	0	 1e+30	
9	8	0	0	0	0	 1e+30	
10	9	0	0	0	0	 1e+30	
11	10	0	0	0	0	 1e+30	
12	11	565.667	169.343	125.705	0	 457173	
13	12	655.983	232.443	180.285	0	 11094.6	
14	13	0	0	0	0	 1e+30	
15	14	374.932	125.34	79.6765	0	 1.66018e+06	
16	15	596.954	195.358	158.647	0	 42864.2	
17	16	0	0	0	0	 1e+30	
18	17	485.589	193.848	155.311	0	 9812.59	
19	18	0	0	0	0	 1e+30	
20	19	668.655	358.327	316.826	0	 2.29796e+06	
21	20	398.129	288.864	258.318	0	 5.91342e+06	
22	21	572.515	206.059	109.565	0	 7.71583e+06	
23	22	441.067	168.682	123.304	0	 98206.6	
24	23	0	0	0	0	 1e+30	
25	24	0	0	0	0	 1e+30	
26	25	0	0	0	0	 1e+30	
27	26	0	0	0	0	 1e+30	
28	27	94.0432	94.0432	24.8633	0	 5.93332e+06	
29	28	112.31	112.31	71.5862	0	 676165	
30	29	415.472	154.458	103.039	0	 905.55	
31	30	747.085	470.266	427.517	0	 3.56948e+06	
32	31	0	0	0	0	 1e+30	
33	32	561.365	233.034	206.359	0	 81594.7	
34	33	563.374	215.151	178.947	0	 675103	
35	34	519.714	173.596	110.417	0	 2.4039e+06	
36	35	0	0	0	0	 1e+30	
37	36	365.213	167.638	120.657	0	 672177	
38	37	372.82	167.713	104.144	0	 1.26007e+06	
39	38	0	0	0	0	 1e+30	
40	39	599.414	350.313	313.141	0	 165669	
41	40	0	0	0	0	 1e+30	
42	41	648.839	150.194	98.923	0	 19523.3	
43	42	255.373	255.374	225.206	0	 2.12082e+07	
44	43	0	0	0	0	 1e+30	
45	44	0	0	0	0	 1e+30	
46	45	1795.14	1685.59	1647.99	0	 1.57173e+06	
47	46	0	0	0	0	 1e+30	
48	47	0	0	0	0	 1e+30	
49	48	486.303	297.748	255.125	0	 129848	
50	49	0	0	0	0	 1e+30	
51	50	0	0	0	0	 1e+30	
52	51	0	0	0	0	 1e+30	
53	52	0	0	0	0	 1e+30	
54	53	420.042	144.706	74.9907	0	 291186	
55	54	0	0	0	0	 1e+30	
56	55	0	0	0	0	 1e+30	
57	56	508.887	211.321	175.312	0	 2.97792e+06	
58	57	0	0	0	0	 1e+30	
59	58	0	0	0	0	 1e+30	
60	59	0	0	0	0	 1e+30	
61	60	0	0	0	0	 1e+30	
62	61	0	0	0	0	 1e+30	
63	62	485.885	255.202	229.291	0	 80971.3	
64	63	443.239	223.404	183.267	0	 1.00514e+07	
65	64	0	0	0	0	 1e+30	
66	65	555.812	158.545	123.847	0	 32001.1	
67	66	571.882	162.311	73.6799	0	 128749	
68	67	0	0	0	0	 1e+30	
69	68	681.127	271.094	194.426	0	 1.02657e+07	
70	69	0	0	0	0	 1e+30	
71	70	0	0	0	0	 1e+30	
72	71	0	0	0	0	 1e+30	
73	72	0	0	0	0	 1e+30	
74	73	0	0	0	0	 1e+30	
75	74	0	0	0	0	 1e+30	
76	75	508.162	168.653	122.257	0	 2.02112e+06	
77	76	759.837	171.777	119.246	0	 232981	
78	77	0	0	0	0	 1e+30	
79	78	0	0	0	0	 1e+30	
80	79	709.976	532.364	468.917	0	 784037	
81	80	355.226	154.827	128.032	0	 3.84755e+06	
82	81	0	0	0	0	 1e+30	
83	82	962.8	369.434	317.273	0	 5055.96	
84	83	0	0	0	0	 1e+30	
85	84	0	0	0	0	 1e+30	
86	85	471.916	308.332	276.502	0	 15442.3	
87	86	572.107	289.855	250.851	0	 195656	
88	87	554.576	120.922	70.9111	0	 299508	
89	88	0	0	0	0	 1e+30	
90	89	0	0	0	0	 1e+30	
91	90	0	0	0	0	 1e+30	
92	91	937.302	763.342	725.082	0	 2.48978e+06	
93	92	1015.56	230.242	134.314	0	 1.09982e+06	
94	93	0	0	0	0	 1e+30	
95	94	684.192	266.139	237.612	0	 374.154	
96	95	0	0	0	0	 1e+30	
97	96	0	0	0	0	 1e+30	
98	97	0	0	0	0	 1e+30	
99	98	933.595	187.554	146.077	0	 42788.5	
100	99	0	0	0	0	 1e+30	
Combinatorical choice 7
1	0	0	0	0	0	 1e+30	
2	1	407.511	407.516	294.882	0	 9.90785e+08	
3	2	0	0	0	0	 1e+30	
4	3	479.906	101.724	49.5099	0	 322.56	
5	4	474.183	174.622	136.74	0	 139364	
6	5	0	0	0	0	 1e+30	
7	6	474.134	241.696	197.028	0	 8343.38	
8	7	0	0	0	0	 1e+30	
9	8	0	0	0	0	 1e+30	
10	9	0	0	0	0	 1e+30	
11	10	0	0	0	0	 1e+30	
12	11	621.468	224.857	185.319	0	 108363	
13	12	0	0	0	0	 1e+30	
14	13	0	0	0	0	 1e+30	
15	14	0	0	0	0	 1e+30	
16	15	609.512	198.936	161.47	0	 11391	
17	16	0	0	0	0	 1e+30	
18	17	0	0	0	0	 1e+30	
19	18	0	0	0	0	 1e+30	
20	19	671.646	359.307	323.125	0	 2.74828e+06	
21	20	375.667	268.597	220.816	0	 7.65907e+06	
22	21	574.844	191.657	173.025	0	 5.44079e+06	
23	22	0	0	0	0	 1e+30	
24	23	0	0	0	0	 1e+30	
25	24	0	0	0	0	 1e+30	
26	25	0	0	0	0	 1e+30	
27	26	0	0	0	0	 1e+30	
28	27	0	0	0	0	 1e+30	
29	28	0	0	0	0	 1e+30	
30	29	416.273	162.138	127.676	0	 1366.86	
31	30	695.854	415.667	380.009	0	 2.63093e+06	
32	31	0	0	0	0	 1e+30	
33	32	489.87	168.834	124.34	0	 192307	
34	33	564.164	214.645	173.789	0	 970855	
35	34	560.336	201.99	178.895	0	 3.17629e+06	
36	35	0	0	0	0	 1e+30	
37	36	470.849	238.776	205.81	0	 517370	
38	37	360.794	144.97	117.96	0	 1.08319e+06	
39	38	315.373	189.929	146.532	0	 112447	
40	39	599.868	348.226	306.904	0	 300135	
41	40	0	0	0	0	 1e+30	
42	41	0	0	0	0	 1e+30	
43	42	210.941	210.942	156.837	0	 1.15238e+07	
44	43	0	0	0	0	 1e+30	
45	44	566.537	143.838	89.4016	0	 1464.14	
46	45	144.336	144.337	96.9	0	 3.73873e+08	
47	46	0	0	0	0	 1e+30	
48	47	146.491	146.491	65.9231	0	 3.98225e+07	
49	48	458.137	272.033	238.27	0	 9674.94	
50	49	0	0	0	0	 1e+30	
51	50	0	0	0	0	 1e+30	
52	51	0	0	0	0	 1e+30	
53	52	0	0	0	0	 1e+30	
54	53	0	0	0	0	 1e+30	
55	54	0	0	0	0	 1e+30	
56	55	0	0	0	0	 1e+30	
57	56	0	0	0	0	 1e+30	
58	57	0	0	0	0	 1e+30	
59	58	0	0	0	0	 1e+30	
60	59	0	0	0	0	 1e+30	
61	60	377.288	156.937	92.3383	0	 618633	
62	61	0	0	0	0	 1e+30	
63	62	535.066	302.964	246.539	0	 86264.2	
64	63	0	0	0	0	 1e+30	
65	64	0	0	0	0	 1e+30	
66	65	724.573	246.04	196.701	0	 12809.2	
67	66	0	0	0	0	 1e+30	
68	67	0	0	0	0	 1e+30	
69	68	0	0	0	0	 1e+30	
70	69	0	0	0	0	 1e+30	
71	70	0	0	0	0	 1e+30	
72	71	0	0	0	0	 1e+30	
73	72	0	0	0	0	 1e+30	
74	73	0	0	0	0	 1e+30	
75	74	0	0	0	0	 1e+30	
76	75	517.508	169.439	139.763	0	 840484	
77	76	750.529	172.071	144.887	0	 106963	
78	77	0	0	0	0	 1e+30	
79	78	0	0	0	0	 1e+30	
80	79	577.855	403.19	380.237	0	 257527	
81	80	397.739	205.411	159.715	0	 3.35738e+06	
82	81	0	0	0	0	 1e+30	
83	82	885.852	311.589	280.459	0	 2453.64	
84	83	0	0	0	0	 1e+30	
85	84	473.354	92.1246	32.1603	0	 125743	
86	85	530.391	359.665	312.834	0	 31625.9	
87	86	553.049	334.828	298.603	0	 199168	
88	87	535.111	257.067	224.397	0	 260938	
89	88	0	0	0	0	 1e+30	
90	89	0	0	0	0	 1e+30	
91	90	0	0	0	0	 1e+30	
92	91	989.465	816.184	774.013	0	 4.22746e+06	
93	92	0	0	0	0	 1e+30	
94	93	0	0	0	0	 1e+30	
95	94	498.901	126.915	96.3499	0	 42020.7	
96	95	0	0	0	0	 1e+30	
97	96	0	0	0	0	 1e+30	
98	97	0	0	0	0	 1e+30	
99	98	812.541	130.267	100.263	0	 23345.5	
100	99	322.99	144.31	21.0617	0	 2.43688e+06	
Combinatorical choice 8
1	0	325.963	134.512	98.2567	0	 1.36933e+06	
2	1	558.817	558.82	537.276	0	 9.9638e+08	
3	2	0	0	0	0	 1e+30	
4	3	635.682	175.406	125.51	0	 68176.2	
5	4	469.36	153.117	112.623	0	 192945	
6	5	0	0	0	0	 1e+30	
7	6	0	0	0	0	 1e+30	
8	7	517.487	340.594	300.287	0	 8.11806e+06	
9	8	0	0	0	0	 1e+30	
10	9	0	0	0	0	 1e+30	
11	10	0	0	0	0	 1e+30	
12	11	571.464	160.247	125.215	0	 386917	
13	12	743.212	373.615	318.458	0	 23086.2	
14	13	0	0	0	0	 1e+30	
15	14	526.056	157.341	124.611	0	 1.13373e+06	
16	15	628.174	258.64	219.47	0	 20216.9	
17	16	0	0	0	0	 1e+30	
18	17	481.196	167.93	124.646	0	 22128.4	
19	18	0	0	0	0	 1e+30	
20	19	604.281	298.636	249.623	0	 194696	
21	20	0	0	0	0	 1e+30	
22	21	0	0	0	0	 1e+30	
23	22	501.344	286.657	242.446	0	 91125.3	
24	23	885.685	477.263	419.872	0	 2.7649e+06	
25	24	0	0	0	0	 1e+30	
26	25	420.151	133.31	53.5016	0	 1.38286e+06	
27	26	0	0	0	0	 1e+30	
28	27	0	0	0	0	 1e+30	
29	28	0	0	0	0	 1e+30	
30	29	421.521	167.841	137.953	0	 4318.37	
31	30	748.614	512.346	465.014	0	 376114	
32	31	0	0	0	0	 1e+30	
33	32	445.206	122.856	90.6219	0	 195656	
34	33	587.616	224.524	180.222	0	 739106	
35	34	0	0	0	0	 1e+30	
36	35	0	0	0	0	 1e+30	
37	36	0	0	0	0	 1e+30	
38	37	0	0	0	0	 1e+30	
39	38	0	0	0	0	 1e+30	
40	39	512.154	212.511	162.633	0	 120494	
41	40	0	0	0	0	 1e+30	
42	41	668.128	141.616	100.824	0	 2458.05	
43	42	288.08	288.088	237.126	0	 5.30595e+08	
44	43	1248.27	1074.67	1026.93	0	 833011	
45	44	554.84	153.296	99.4238	0	 107.875	
46	45	1170.79	1006.05	949.661	0	 4.43628e+07	
47	46	0	0	0	0	 1e+30	
48	47	539.986	191.631	166.291	0	 3.34328e+06	
49	48	552.368	364.77	329.661	0	 512424	
50	49	0	0	0	0	 1e+30	
51	50	0	0	0	0	 1e+30	
52	51	0	0	0	0	 1e+30	
53	52	0	0	0	0	 1e+30	
54	53	494.562	181.703	117.622	0	 666799	
55	54	620.836	121.804	47.2209	0	 10333.4	
56	55	0	0	0	0	 1e+30	
57	56	633.229	229.413	192.05	0	 2.53843e+06	
58	57	455.814	306.708	282.277	0	 462328	
59	58	0	0	0	0	 1e+30	
60	59	668.023	274.556	258.307	0	 1.39351e+06	
61	60	0	0	0	0	 1e+30	
62	61	0	0	0	0	 1e+30	
63	62	569.277	286.185	244.524	0	 228122	
64	63	0	0	0	0	 1e+30	
65	64	0	0	0	0	 1e+30	
66	65	513.79	154.118	125.805	0	 4179.25	
67	66	552.241	195.388	175.073	0	 84.3541	
68	67	0	0	0	0	 1e+30	
69	68	1033.41	742.919	705.377	0	 4.34621e+07	
70	69	539.149	269.511	241.592	0	 70923.6	
71	70	0	0	0	0	 1e+30	
72	71	779.482	646.521	610.558	0	 761853	
73	72	506.646	291.786	230.486	0	 325096	
74	73	0	0	0	0	 1e+30	
75	74	369.927	219.37	145.175	0	 1.49123e+06	
76	75	972.635	718.664	684.773	0	 704602	
77	76	0	0	0	0	 1e+30	
78	77	0	0	0	0	 1e+30	
79	78	0	0	0	0	 1e+30	
80	79	0	0	0	0	 1e+30	
81	80	0	0	0	0	 1e+30	
82	81	0	0	0	0	 1e+30	
83	82	765.342	275.874	222.273	0	 275316	
84	83	676.31	351.529	304.157	0	 6.34225e+07	
85	84	596.47	162.077	133.258	0	 2360.35	
86	85	585.588	398.001	364.701	0	 131520	
87	86	694.878	155.651	130.813	0	 10156.2	
88	87	556.173	273.757	236.419	0	 361141	
89	88	0	0	0	0	 1e+30	
90	89	0	0	0	0	 1e+30	
91	90	0	0	0	0	 1e+30	
92	91	761.428	584.137	541.743	0	 4.27834e+06	
93	92	0	0	0	0	 1e+30	
94	93	0	0	0	0	 1e+30	
95	94	506.933	139.914	87.5572	0	 38774.3	
96	95	0	0	0	0	 1e+30	
97	96	0	0	0	0	 1e+30	
98	97	744.764	261.493	226.76	0	 418660	
99	98	918.561	180.6	139.504	0	 37311.6	
100	99	0	0	0	0	 1e+30	
Comparison of best-fit function values, 1 to 8
1	7677.61	1e+30	6256.62	1424.61	1.07095e+06	1e+30	1e+30	1.36933e+06
2	1e+30	3882.8	7193.29	2809.5	1.04746e+09	9.06245e+08	9.90785e+08	9.9638e+08
3	24292.3	13771.9	44396.2	5052.32	1e+30	1e+30	1e+30	1e+30
4	5986.9	1e+30	21167.2	241.073	33438.5	1e+30	322.56	68176.2
5	25.371	13804.2	61879.2	26562.3	48727.8	93328.4	139364	192945
6	988.292	874.844	3513.79	66.774	1e+30	1e+30	1e+30	1e+30
7	2252.21	1179.17	1e+30	1e+30	71243.1	31715.2	8343.38	1e+30
8	42074.7	14648.9	230.122	26943.8	2.47131e+06	1e+30	1e+30	8.11806e+06
9	11.0924	1e+30	1102	1e+30	1e+30	1e+30	1e+30	1e+30
10	963.559	128160	21995.6	101708	879632	1e+30	1e+30	1e+30
11	17169.3	27.8666	20038.8	58159.6	1e+30	1e+30	1e+30	1e+30
12	4332.64	1218.44	10951.6	189892	505783	457173	108363	386917
13	1e+30	1229.15	1e+30	1e+30	39675.7	11094.6	1e+30	23086.2
14	23179.9	55563.6	55184.4	32695.9	1e+30	1e+30	1e+30	1e+30
15	20358.8	14397.1	34967.9	204609	1.28081e+06	1.66018e+06	1e+30	1.13373e+06
16	322.773	13698.7	1e+30	1e+30	32608.9	42864.2	11391	20216.9
17	4950.73	4111.22	7887.07	4313.54	1e+30	1e+30	1e+30	1e+30
18	1e+30	1695.25	10462.6	10433.4	11200.8	9812.59	1e+30	22128.4
19	417.15	9276.98	5850.67	433.007	1e+30	1e+30	1e+30	1e+30
20	1041.85	19793.2	12868.5	22852.7	184340	2.29796e+06	2.74828e+06	194696
21	25.9268	1e+30	2600.74	512.33	1e+30	5.91342e+06	7.65907e+06	1e+30
22	185.982	5540.9	5.92948	4511.29	1e+30	7.71583e+06	5.44079e+06	1e+30
23	1635.08	2885.09	1096.37	1e+30	312130	98206.6	1e+30	91125.3
24	1127.64	1e+30	52826.4	16420.9	3.14004e+06	1e+30	1e+30	2.7649e+06
25	31434.2	28776	878.947	2126.37	1e+30	1e+30	1e+30	1e+30
26	20675.4	2886.72	2428.97	34278.9	1e+30	1e+30	1e+30	1.38286e+06
27	11948.8	1e+30	14.9537	684.976	1e+30	1e+30	1e+30	1e+30
28	20910.3	13751.5	16039.3	38.3074	2.68441e+06	5.93332e+06	1e+30	1e+30
29	1e+30	1e+30	47.2664	1e+30	815678	676165	1e+30	1e+30
30	1e+30	1277.42	9839.78	59.015	10465.5	905.55	1366.86	4318.37
31	1429.19	64.8438	20716.8	1e+30	1.94341e+06	3.56948e+06	2.63093e+06	376114
32	65881.9	29340.8	47140.9	1e+30	1e+30	1e+30	1e+30	1e+30
33	1682.19	2516.78	1e+30	1e+30	251708	81594.7	192307	195656
34	13480.4	24234.2	20669.4	1e+30	280621	675103	970855	739106
35	33368.6	2580.69	4910.26	6933.85	1e+30	2.4039e+06	3.17629e+06	1e+30
36	883.613	30158.2	1548.85	1e+30	1e+30	1e+30	1e+30	1e+30
37	38553.9	756.252	17785.2	7078.8	1e+30	672177	517370	1e+30
38	24931.5	5896.82	6578.89	4124.45	1e+30	1.26007e+06	1.08319e+06	1e+30
39	1e+30	1e+30	1e+30	1e+30	125119	1e+30	112447	1e+30
40	1e+30	9413.49	21558	1625.09	1333.55	165669	300135	120494
41	31790.1	24809.7	31641.7	13106.4	1e+30	1e+30	1e+30	1e+30
42	1241.14	8093.78	838.039	22272.5	27.9031	19523.3	1e+30	2458.05
43	1374.06	3940.9	6239.43	20267.4	8.43091e+08	2.12082e+07	1.15238e+07	5.30595e+08
44	384.872	1e+30	1e+30	6593.36	757201	1e+30	1e+30	833011
45	24343	44836.8	45132.6	25969.3	1e+30	1e+30	1464.14	107.875
46	5522.05	34589.2	36887.5	4452.61	3.77501e+07	1.57173e+06	3.73873e+08	4.43628e+07
47	23122.2	126271	33982.3	16077.9	1e+30	1e+30	1e+30	1e+30
48	1417.03	174.753	7341.12	1e+30	3.14878e+06	1e+30	3.98225e+07	3.34328e+06
49	26.7254	1e+30	6418.29	1e+30	203561	129848	9674.94	512424
50	170.818	50623.7	691.675	94281.3	1e+30	1e+30	1e+30	1e+30
51	1649.93	2662.09	679.942	4675.74	1e+30	1e+30	1e+30	1e+30
52	70.4511	5430.15	13.1532	5772.16	1e+30	1e+30	1e+30	1e+30
53	30863.8	1905.99	1e+30	82347.4	1e+30	1e+30	1e+30	1e+30
54	868.475	12130.3	1190.47	444.05	686643	291186	1e+30	666799
55	10819.2	3811.08	21025.9	89.4839	2620.69	1e+30	1e+30	10333.4
56	1e+30	237.313	15948.6	11125.5	1e+30	1e+30	1e+30	1e+30
57	2193.26	3.73676e+06	3321.49	1.05537e+07	1e+30	2.97792e+06	1e+30	2.53843e+06
58	955.531	5562.66	25484.2	640.786	1e+30	1e+30	1e+30	462328
59	1e+30	19177.7	38745.9	17612.6	1e+30	1e+30	1e+30	1e+30
60	1e+30	1e+30	1e+30	1564.86	3.15109e+06	1e+30	1e+30	1.39351e+06
61	1399.69	1207.91	1e+30	1e+30	534283	1e+30	618633	1e+30
62	25648.7	809.109	1e+30	13268.3	1e+30	1e+30	1e+30	1e+30
63	1e+30	1e+30	339.51	1e+30	332896	80971.3	86264.2	228122
64	1e+30	21.3874	11058.6	46949.4	1e+30	1.00514e+07	1e+30	1e+30
65	1e+30	3940.32	24654.6	12021.3	1e+30	1e+30	1e+30	1e+30
66	69242.7	72.4867	1e+30	1607.84	2684.32	32001.1	12809.2	4179.25
67	1e+30	1e+30	5180.32	929.506	22042.8	128749	1e+30	84.3541
68	1e+30	17143.7	3924.71	6969.31	1e+30	1e+30	1e+30	1e+30
69	3875.74	513.086	1e+30	5079.67	5.02435e+07	1.02657e+07	1e+30	4.34621e+07
70	1e+30	5450.98	24531.1	11992.1	1e+30	1e+30	1e+30	70923.6
71	1e+30	23431.7	12993.5	11358.8	1e+30	1e+30	1e+30	1e+30
72	1e+30	35.6665	1e+30	2728.91	942859	1e+30	1e+30	761853
73	8247.89	8460.38	1e+30	11771.9	268312	1e+30	1e+30	325096
74	1e+30	1458.92	2432.63	1768.29	1e+30	1e+30	1e+30	1e+30
75	24915.7	21362.1	1e+30	2642.37	647049	1e+30	1e+30	1.49123e+06
76	7435.36	6840.77	8839.85	3736.61	5.09158e+06	2.02112e+06	840484	704602
77	1e+30	26098.8	26178.4	20393.1	1e+30	232981	106963	1e+30
78	1e+30	458.894	1e+30	10701.4	1e+30	1e+30	1e+30	1e+30
79	2026.81	1042.17	3382.26	2466.45	1e+30	1e+30	1e+30	1e+30
80	25906.1	3432.01	1e+30	23230	1e+30	784037	257527	1e+30
81	4429.73	10545.1	6150.81	1e+30	4.13962e+06	3.84755e+06	3.35738e+06	1e+30
82	1e+30	1594.64	19937.9	1250.27	1e+30	1e+30	1e+30	1e+30
83	8248.45	7330.71	7102.72	15.9155	115715	5055.96	2453.64	275316
84	1e+30	7023.7	1e+30	4818.71	1.01683e+08	1e+30	1e+30	6.34225e+07
85	1e+30	4444.79	1e+30	2068.4	35449.5	1e+30	125743	2360.35
86	10556	2394.7	59.848	1697.56	98606.1	15442.3	31625.9	131520
87	1e+30	1e+30	1e+30	1e+30	30213	195656	199168	10156.2
88	2719.64	1e+30	1e+30	1e+30	359424	299508	260938	361141
89	1505.07	1e+30	1e+30	100172	1e+30	1e+30	1e+30	1e+30
90	4931.64	5052.14	13287.3	1115.98	381624	1e+30	1e+30	1e+30
91	2291.39	14052.4	12982.4	3145.29	1e+30	1e+30	1e+30	1e+30
92	726.12	1842.71	1e+30	5227.86	2.43641e+06	2.48978e+06	4.22746e+06	4.27834e+06
93	38379.7	3102.4	8404.35	3220.85	1e+30	1.09982e+06	1e+30	1e+30
94	1751.12	191.948	23686.1	1e+30	1e+30	1e+30	1e+30	1e+30
95	1e+30	1e+30	1e+30	2125.06	1e+30	374.154	42020.7	38774.3
96	1250.87	572.911	3450	53856.2	1e+30	1e+30	1e+30	1e+30
97	1e+30	1e+30	62122.6	29902.9	1e+30	1e+30	1e+30	1e+30
98	1e+30	9941.23	1e+30	1285.26	1e+30	1e+30	1e+30	418660
99	281.946	563.14	2792.19	2158.82	1e+30	42788.5	23345.5	37311.6
100	3157.7	808.923	7982.17	415.839	1e+30	1e+30	2.43688e+06	1e+30
