# MASS DIFF FIT. combinatorics locked to one choice
# Event file name = ../events/herwigpp-9563-events-complete-momcons-20150314_only_OFL.dat, SIMPLEX tolerance = 1e-06
Combinatorical choice 1
1	281799	11550.2	12300.9	0	 3.08149e-31	
2	287352	10935.7	12861.1	0	 8.67631e-31	
3	291318	9620.02	9112.78	0	 3.90001e-31	
4	0	0	0	0	 1e+30	
5	0	0	0	0	 1e+30	
6	0	0	0	0	 1e+30	
7	0	0	0	0	 1e+30	
8	0	0	0	0	 1e+30	
9	0	0	0	0	 1e+30	
10	0	0	0	0	 1e+30	
11	0	0	0	0	 1e+30	
12	0	0	0	0	 1e+30	
13	0	0	0	0	 1e+30	
14	0	0	0	0	 1e+30	
15	0	0	0	0	 1e+30	
16	320888	9944.67	11781.8	0	 1.41995e-28	
17	0	0	0	0	 1e+30	
18	0	0	0	0	 1e+30	
19	0	0	0	0	 1e+30	
20	303264	11822.3	10881.1	0	 8.87469e-30	
Combinatorical choice 2
1	316833	11455.5	10580.5	0	 8.38165e-31	
2	0	0	0	0	 1e+30	
3	289401	13362.7	8080.34	0	 1.74548e-28	
4	0	0	0	0	 1e+30	
5	0	0	0	0	 1e+30	
6	0	0	0	0	 1e+30	
7	438702	9296.31	6468.09	0	 1.2326e-32	
8	0	0	0	0	 1e+30	
9	0	0	0	0	 1e+30	
10	0	0	0	0	 1e+30	
11	279027	13095.1	10879.1	0	 1.85082e-31	
12	0	0	0	0	 1e+30	
13	0	0	0	0	 1e+30	
14	0	0	0	0	 1e+30	
15	0	0	0	0	 1e+30	
16	0	0	0	0	 1e+30	
17	383146	10911	7293.65	0	 1.49221e-30	
18	0	0	0	0	 1e+30	
19	0	0	0	0	 1e+30	
20	307042	11572.3	11684.8	0	 5.71924e-30	
Combinatorical choice 3
1	0	0	0	0	 1e+30	
2	326894	10727.6	11159.6	0	 5.1352e-58	
3	0	0	0	0	 1e+30	
4	0	0	0	0	 1e+30	
5	280843	11890.2	11885.2	0	 0.778867	
6	0	0	0	0	 1e+30	
7	0	0	0	0	 1e+30	
8	318767	12287.3	7673.26	0	 0.947837	
9	0	0	0	0	 1e+30	
10	0	0	0	0	 1e+30	
11	0	0	0	0	 1e+30	
12	277833	19473.6	4750.35	0	 1.77494e-30	
13	0	0	0	0	 1e+30	
14	0	0	0	0	 1e+30	
15	0	0	0	0	 1e+30	
16	0	0	0	0	 1e+30	
17	0	0	0	0	 1e+30	
18	0	0	0	0	 1e+30	
19	310858	13699.3	9730.27	0	 0.0676602	
20	0	0	0	0	 1e+30	
Combinatorical choice 4
1	313215	11656.2	11075.7	0	 0.075695	
2	346427	11575.5	10644	0	 1.57772e-30	
3	0	0	0	0	 1e+30	
4	0	0	0	0	 1e+30	
5	0	0	0	0	 1e+30	
6	0	0	0	0	 1e+30	
7	0	0	0	0	 1e+30	
8	306431	14127.9	8884.12	0	 0.973568	
9	335434	11379.8	10824.6	0	 0.326636	
10	0	0	0	0	 1e+30	
11	0	0	0	0	 1e+30	
12	361709	13257.5	7558.84	0	 3.20475e-30	
13	319237	14000.2	8921.23	0	 2.02653e-28	
14	0	0	0	0	 1e+30	
15	0	0	0	0	 1e+30	
16	255743	11974.9	10963.1	0	 2.3907e-29	
17	363632	9076.91	7094.69	0	 6.96416e-30	
18	0	0	0	0	 1e+30	
19	0	0	0	0	 1e+30	
20	0	0	0	0	 1e+30	
Combinatorical choice 5
1	0	0	0	0	 1e+30	
2	0	0	0	0	 1e+30	
3	0	0	0	0	 1e+30	
4	0	0	0	0	 1e+30	
5	1.03105	11801.2	12915.4	0	 1482.57	
6	0	0	0	0	 1e+30	
7	306916	10543.6	12026.7	0	 2.91879e-29	
8	0	0	0	0	 1e+30	
9	277722	7660.72	10863.2	0	 8.01187e-32	
10	0	0	0	0	 1e+30	
11	0	0	0	0	 1e+30	
12	292702	15275.8	8460.12	0	 4.66075e-29	
13	0	0	0	0	 1e+30	
14	0	0	0	0	 1e+30	
15	118181	14377.2	13765.6	0	 677.523	
16	0	0	0	0	 1e+30	
17	0	0	0	0	 1e+30	
18	0	0	0	0	 1e+30	
19	0	0	0	0	 1e+30	
20	0	0	0	0	 1e+30	
Combinatorical choice 6
1	0	0	0	0	 1e+30	
2	173950	4985.67	3910.06	0	 0.0662784	
3	0	0	0	0	 1e+30	
4	0	0	0	0	 1e+30	
5	1.52775	10404.7	9189.25	0	 1409.33	
6	0	0	0	0	 1e+30	
7	0	0	0	0	 1e+30	
8	0	0	0	0	 1e+30	
9	0	0	0	0	 1e+30	
10	0	0	0	0	 1e+30	
11	0	0	0	0	 1e+30	
12	0	0	0	0	 1e+30	
13	0	0	0	0	 1e+30	
14	0	0	0	0	 1e+30	
15	0	0	0	0	 1e+30	
16	0	0	0	0	 1e+30	
17	0	0	0	0	 1e+30	
18	0	0	0	0	 1e+30	
19	0	0	0	0	 1e+30	
20	0	0	0	0	 1e+30	
Combinatorical choice 7
1	54174.3	16301.9	14154.7	0	 1.4822e-30	
2	0	0	0	0	 1e+30	
3	0	0	0	0	 1e+30	
4	173667	14878.2	7204.72	0	 2.46519e-31	
5	0.431222	9792.51	10766	0	 1243.26	
6	0	0	0	0	 1e+30	
7	0	0	0	0	 1e+30	
8	375098	14313.4	-0.00609816	0	 3.22501	
9	204204	10504.7	13463.8	0	 2.59153e-30	
10	0	0	0	0	 1e+30	
11	21886.3	3517.11	-0.0315755	0	 95.2546	
12	0	0	0	0	 1e+30	
13	0	0	0	0	 1e+30	
14	0	0	0	0	 1e+30	
15	0	0	0	0	 1e+30	
16	0	0	0	0	 1e+30	
17	0	0	0	0	 1e+30	
18	0	0	0	0	 1e+30	
19	0	0	0	0	 1e+30	
20	0	0	0	0	 1e+30	
Combinatorical choice 8
1	0	0	0	0	 1e+30	
2	0	0	0	0	 1e+30	
3	0	0	0	0	 1e+30	
4	0	0	0	0	 1e+30	
5	1.3383	12395.3	10295.7	0	 1592.91	
6	0	0	0	0	 1e+30	
7	308686	13809.5	7904.48	0	 3.15544e-29	
8	298746	15941.6	6505.12	0	 7.91942e-31	
9	0	0	0	0	 1e+30	
10	0	0	0	0	 1e+30	
11	0	0	0	0	 1e+30	
12	0	0	0	0	 1e+30	
13	0	0	0	0	 1e+30	
14	0	0	0	0	 1e+30	
15	0	0	0	0	 1e+30	
16	0	0	0	0	 1e+30	
17	0	0	0	0	 1e+30	
18	0	0	0	0	 1e+30	
19	0	0	0	0	 1e+30	
20	0	0	0	0	 1e+30	
