-15.878 -2.55184 0 0
19.0368 14.9267 0 0
-1344.73 -1319.51 0 0
92.3258 -49.1732 0 0
-24.6109 -115.373 0 0
-7.42832 -147.153 0 0
-3.2576 0.478114 0 0
0.0495771 19.3472 0 0
5.54909 70.7944 0 0
28.6396 101.041 0 0
32.141 5.98756 0 0
-0.500799 -0.473686 0 0
40.2802 -12.4941 0 0
33.1091 -9.15314 0 0
-1.09335 -1.32144 0 0
21.3205 -60.9776 0 0
278.351 -202.118 0 0
7.95528 -6.62647 0 0
-5.29252 19.98 0 0
-29.6158 -234.296 0 0
-2.67505 -3.89619 0 0
-140.644 -237.433 0 0
-6.10332 -33.1563 0 0
-3.19509 0.537485 0 0
-69.7055 -289.757 0 0
7.11164 -2.85862 0 0
48.9994 -12.2857 0 0
16.7845 787.3 0 0
4.84839 92.6806 0 0
-15.7401 -57.8545 0 0
124.122 16.2309 0 0
8.7332 -11.0527 0 0
13.7921 12.269 0 0
27.2743 -2372.34 0 0
1.09452 232.623 0 0
-732.349 -335.971 0 0
13.81 -32.1594 0 0
24.1075 25.9093 0 0
-0.0113681 -0.069975 0 0
20.6206 61.7502 0 0
417.253 633.182 0 0
0.0846301 0.222587 0 0
11.6284 15.0982 0 0
-210.569 -71.9806 0 0
22.2049 15.8703 0 0
0.194483 -4.76629 0 0
0.0592108 0.108231 0 0
-98.8856 -347.839 0 0
10.8436 3.67229 0 0
-70.4382 89.1347 0 0
34.3016 4.42571 0 0
-33.9619 -180.794 0 0
12.3 -2.82543 0 0
11.2026 5.78185 0 0
58.4775 87.1623 0 0
102.94 -2142.56 0 0
2.02494 7.60446 0 0
-49.4847 0.134154 0 0
11.1822 6.18998 0 0
-10.2246 11.0215 0 0
-15.0187 8.44285 0 0
-1.34911 2.0779 0 0
26.1346 -152.131 0 0
-0.0345929 -0.00244339 0 0
6.71681 2.3525 0 0
-253.64 18.5073 0 0
103.446 61.2617 0 0
-82.4733 88.3636 0 0
110.342 139.747 0 0
1.52473 9.25982 0 0
-3.29143 1478.67 0 0
-628.067 -519.65 0 0
140.518 488.071 0 0
24.1155 341.505 0 0
15.9046 -12.3832 0 0
-48.7802 -18.2843 0 0
-17.8325 -5.49345 0 0
-0.00100044 -0.000517577 0 0
85.4487 229.479 0 0
-6.30377 -72.5451 0 0
-0.484739 -0.236251 0 0
-14.3666 12.7351 0 0
-35.4664 479.015 0 0
-1.45732 -371.362 0 0
-0.0763961 0.0814452 0 0
-314.076 -96.9199 0 0
-185.265 -884.829 0 0
7.5556 -6.53806 0 0
2.47454 -22.3995 0 0
-5.04862 -90.334 0 0
83.9179 -140.93 0 0
-288.868 -25.8458 0 0
135.283 107.745 0 0
-6.42869 25.7728 0 0
-3.01806 -3.40843 0 0
0.626688 0.0628831 0 0
-420.524 7.326 0 0
7.64103 -52.5563 0 0
-0.136468 -0.0536778 0 0
-80.0751 -149.004 0 0
9.09766 -16.3846 0 0
-63.0201 1448.37 0 0
-4.42479 -1.70243 0 0
-57.3455 4.3018 0 0
3.8626 -36.4595 0 0
-10.5764 -0.665687 0 0
-26.8954 68.3023 0 0
-12.803 -7.2985 0 0
7.28569 -0.894401 0 0
-133.956 -219.993 0 0
-3.73742 6.4446 0 0
-53.8025 -95.2743 0 0
68.7951 -33.6446 0 0
-11.9906 22.4095 0 0
31.0876 -59.6003 0 0
18.6908 0.143142 0 0
1116.71 4225.33 0 0
-8.5283 -3.62231 0 0
-410.35 -40.0813 0 0
59.974 -69.2303 0 0
2.36211 0.208858 0 0
130.564 -8.17545 0 0
308.332 2014.42 0 0
-60.2158 -137.477 0 0
2.74604 0.507618 0 0
-76.4459 -74.7623 0 0
-31.8659 49.3836 0 0
-21.3494 -49.8059 0 0
229.432 260.03 0 0
-33.5196 -38.6685 0 0
-157.972 -322.505 0 0
4.38986 11.2914 0 0
-192.348 -124.411 0 0
-171.789 148.392 0 0
4.73442 47.0666 0 0
-0.310305 -0.0899783 0 0
113.928 274.75 0 0
2.85522 -18.6492 0 0
13.8382 -33.5205 0 0
16.2884 7.73265 0 0
6.40294 -5.43 0 0
-62.0692 -60.836 0 0
23.5159 -104.552 0 0
-28.767 -7.71664 0 0
-18.1448 13.6641 0 0
271.185 10.5603 0 0
23.0239 58.6779 0 0
-0.0537086 -0.0288973 0 0
-27.7748 -2.73846 0 0
-3.84273 -61.4359 0 0
7.12012 14.1815 0 0
-109.01 44.6711 0 0
-19.5158 -44.2426 0 0
-116.766 -14.8989 0 0
-0.956403 0.0557363 0 0
-54.7297 9.84189 0 0
0.295046 -6.36216 0 0
55.9386 -766.167 0 0
0.538044 2.25015 0 0
-24.1229 -590.69 0 0
-147.128 -71.0221 0 0
3.18173 -37.9618 0 0
0.223831 -10.8417 0 0
-21.6049 41.3387 0 0
-209.438 -716.806 0 0
9.00157 5.00427 0 0
8.10281 90.8759 0 0
-14.907 -139.617 0 0
194.358 202.455 0 0
-13.3258 -47.0861 0 0
15.6159 -15.2682 0 0
-48.5157 67.4758 0 0
-6.45916 34.2798 0 0
-55.4736 -59.6086 0 0
35.5568 79.3705 0 0
0.94312 33.8329 0 0
2.73981 -0.0790434 0 0
-1.53925 2.26699 0 0
5.63514 1.11759 0 0
58.4022 28.2786 0 0
2.19778 47.3884 0 0
-20.6293 -154.722 0 0
66.3835 -14.112 0 0
237.761 70.2615 0 0
147.704 798.082 0 0
-20.657 -21.4395 0 0
24.1726 3.29228 0 0
1.48167 0.153139 0 0
97.0557 106.588 0 0
345.55 287.44 0 0
-25.2469 -5.80107 0 0
33.7849 -1.17601 0 0
12.6736 20.2469 0 0
129.895 430.778 0 0
-123.168 -487.076 0 0
-0.488755 -9.41439 0 0
-108.078 94.5736 0 0
-68.0215 -536.493 0 0
-244.753 1268.05 0 0
-280.201 19.6036 0 0
-11.3065 -320.485 0 0
81.8229 64.0123 0 0
-8.06206 -8.53704 0 0
-73.46 -4.96335 0 0
193.553 -85.7178 0 0
-13.2392 204.838 0 0
182.526 194.711 0 0
99.2674 -200.771 0 0
-20.6309 -362.511 0 0
1.74693 37.2505 0 0
-3.95556 -0.03454 0 0
-117.521 -112.591 0 0
422.585 2083.94 0 0
60.558 -347.119 0 0
-3.83902 11.1571 0 0
63.1432 -306.041 0 0
14.1247 4.51447 0 0
136.982 39.3589 0 0
26.2907 1524.84 0 0
-0.239649 0.0734061 0 0
20.0143 10.2463 0 0
-236.606 -49.9925 0 0
-384.917 23.7726 0 0
0.995647 0.408173 0 0
-0.192969 -0.000241473 0 0
2.58038 3.93649 0 0
17.9759 14.7823 0 0
1.51526 -2.19751 0 0
-4.78082 -0.0772165 0 0
-261.823 -33.6987 0 0
-13.897 -505.929 0 0
37.4822 10.2523 0 0
-39.1019 413.616 0 0
12.0853 -86.8764 0 0
71.8454 488.08 0 0
-924.235 8978.34 0 0
0.599485 -0.224241 0 0
-0.419306 -1.21763 0 0
-3.24649 -1.68047 0 0
-16.1201 -49.5733 0 0
-44.446 -43.5478 0 0
2.41105 -2.92088 0 0
9.37011 -172.193 0 0
-39.092 35.023 0 0
-14.4408 -19.2671 0 0
11.1903 -18.6005 0 0
-27.9874 -10.8499 0 0
14.6957 6.45445 0 0
11.1595 1382.71 0 0
45.6679 39.9959 0 0
310.194 -432.063 0 0
-26.7191 2.46125 0 0
145.842 27.417 0 0
29.8513 41.2069 0 0
-2.53225 -0.364039 0 0
88.8563 154.459 0 0
-35.1115 14.0502 0 0
86.1284 25.7202 0 0
-25.0955 -21.0706 0 0
-28.0356 -73.5958 0 0
-6.10066 1.71086 0 0
93.2809 119.329 0 0
-73.6088 395.651 0 0
-98.1683 -10.6939 0 0
-24.5387 -73.6443 0 0
-11.5356 7.53382 0 0
8.53445 9.19742 0 0
-475.042 -613.246 0 0
-64.5648 -4.20433 0 0
-45.4349 -34.3531 0 0
-5.71402 27.3286 0 0
67.5787 -28.0394 0 0
3.46452 2.16734 0 0
-35.8529 -44.1048 0 0
-35.2499 9.11238 0 0
-0.118755 -5.40322 0 0
-78.8798 38.8067 0 0
64.5097 -22.1602 0 0
7.53216 11.3052 0 0
-481.565 40.2204 0 0
88.366 -127.931 0 0
361.568 300.638 0 0
47.141 46.7453 0 0
-66.8551 -32.9425 0 0
892.458 121.86 0 0
-4.48308 -19.6253 0 0
67.4358 37.0885 0 0
97.6998 325.824 0 0
12.9978 15.978 0 0
-577.316 -5290.38 0 0
127.317 441.107 0 0
-0.202627 -1.45246 0 0
79.9434 859.271 0 0
57.0342 36.9487 0 0
121.671 -2009.11 0 0
18.9801 -874.554 0 0
-12.4647 5.50383 0 0
5.55525 -9.94854 0 0
-6.74678 0.818196 0 0
39.6561 -183.067 0 0
101.232 -46.6553 0 0
2.33396 -89.0122 0 0
0.302958 -0.311772 0 0
-5.11092 -0.0885775 0 0
-3.81477 -5.15251 0 0
-16.7792 -0.515192 0 0
-10.8918 0.462491 0 0
0.806985 -0.0600481 0 0
-47.8612 36.8428 0 0
11.7952 3.30091 0 0
19.551 112.493 0 0
7.10069 179.284 0 0
24.0157 1.04945 0 0
13.9437 7.0388 0 0
5.73985 -27.3545 0 0
24.9331 -0.0776071 0 0
11.4159 22.0313 0 0
65.5771 63.6244 0 0
-27.2614 -17.9903 0 0
175.324 27.2951 0 0
-19.3065 -4.83169 0 0
-9.88876 -0.573097 0 0
-0.220193 -1.40381 0 0
208.077 45.8083 0 0
-126.065 -213.273 0 0
9.06573 98.6035 0 0
-4.44704 31.8677 0 0
-26.0658 -283.263 0 0
-6.70842 1.08067 0 0
59.0415 41.3252 0 0
-2.21529 -4.792 0 0
-6.72565 14.497 0 0
-36.4429 -147.55 0 0
16.8932 -461.044 0 0
10.3829 -1.58164 0 0
0.0789523 0.112292 0 0
23.0835 139.926 0 0
2.7088 0.380782 0 0
-9.3123 -87.6349 0 0
-41.3535 -225.148 0 0
-1.48219 0.180284 0 0
-432.506 1806.62 0 0
3.50844 -2.44538 0 0
8.36895 3.79075 0 0
7.29506 -23.9452 0 0
26.8468 6.44252 0 0
-105.198 399.992 0 0
27.6309 -45.4794 0 0
-32.0415 -63.6137 0 0
29.3447 8.53405 0 0
13.84 193.234 0 0
-9.88412 -208.077 0 0
144.713 -1381.76 0 0
-34.9892 2.714 0 0
-20.4914 -90.458 0 0
-17.458 -16.2751 0 0
-141.409 -514.66 0 0
1.15161 0.702289 0 0
-6.16894 0.655718 0 0
39.3516 28.3034 0 0
-4.31529 -22.4064 0 0
-226.753 113.876 0 0
-0.584539 -1.71823 0 0
186.615 364.137 0 0
24.7049 -3.44029 0 0
-0.76704 -0.156149 0 0
-7.17184 1.76752 0 0
0.132339 -0.174246 0 0
-282.302 42.3611 0 0
29.2788 4.5637 0 0
0.0459288 -2.43838 0 0
-10.2313 -8.91477 0 0
25.4326 8.94659 0 0
-67.0861 -2.35401 0 0
0.0887686 -0.0613628 0 0
-18.4508 -13.9637 0 0
-9.64874 -50.9082 0 0
6.19923 -14.6701 0 0
8.25528 -4.59628 0 0
-0.0334826 -0.0599582 0 0
-14.0228 21.0598 0 0
-17.2034 -2.77885 0 0
-35.8795 112.802 0 0
-18.6455 0.009998 0 0
-7.99807 -467.355 0 0
14.995 33.6067 0 0
19.9944 10.2467 0 0
-82.5754 -203.728 0 0
4.5511 -26.6211 0 0
5.30893 -33.7388 0 0
-31.547 -28.3777 0 0
4.21942 -3.27349 0 0
-1.86368 -1.15313 0 0
26.7151 43.7288 0 0
5.10021 9.88573 0 0
82.8519 561.188 0 0
159.855 26.9652 0 0
-27.4234 -127.937 0 0
-3.349 -74.4792 0 0
-47.6216 -11.921 0 0
-94.6201 -296.857 0 0
104.279 -72.5166 0 0
-1711.59 -29635 0 0
180.178 -19.365 0 0
70.6023 0.91172 0 0
-193.816 -35.3243 0 0
26.2787 196.331 0 0
-2.53786 -8.88234 0 0
-6.3537 1.72388 0 0
0.0323134 -1.8989 0 0
-39.1186 12.8269 0 0
25.5371 53.3314 0 0
58.4401 23.1536 0 0
-26.121 -25.1216 0 0
145.578 7.13325 0 0
6.22675 4.08533 0 0
0.0920331 1.58209 0 0
11.9377 -1451.35 0 0
-2.08913 1.25672 0 0
1.33013 2.36053 0 0
-1.1523 -7.96525 0 0
-3.31272 -4.43512 0 0
-54.7771 -4.82163 0 0
19.3931 586.512 0 0
10.2326 43.733 0 0
72.6689 -5.76032 0 0
-294.776 273.915 0 0
-4.44197 -17.8072 0 0
-7.11052 -0.422693 0 0
-33.8945 -82.1297 0 0
-4.47178 -7.96019 0 0
57.8166 -50.611 0 0
-103.71 -126.509 0 0
20.7802 0.208312 0 0
90.6837 23.3418 0 0
5.00499 -0.253251 0 0
-38.819 10.2808 0 0
75.273 23.5648 0 0
27.1328 -7.16816 0 0
-2.78612 38.0309 0 0
-0.0331844 0.0426412 0 0
-59.4241 45.4465 0 0
-20.1771 124.859 0 0
40.2582 -685.166 0 0
-73.6893 -82.2695 0 0
-3.17718 16.9737 0 0
0.0413892 2.08327 0 0
8.09574 2.87989 0 0
-17.4711 2.9603 0 0
-29.048 -8.69566 0 0
25.3484 16.1487 0 0
-133.893 -124.534 0 0
-5.99176 11.0675 0 0
11.746 29.3997 0 0
-8.1082 19.2551 0 0
239.345 1232.86 0 0
-4.45761 1.2874 0 0
0.870944 -13.2368 0 0
84.1844 -388.615 0 0
11.8767 46.5137 0 0
5.65759 -23.7272 0 0
118.001 -253.94 0 0
-148.879 -149.981 0 0
-40.4896 -76.3068 0 0
25.2518 4.26884 0 0
0.476545 -0.131723 0 0
0.601043 1.45479 0 0
4.15277 -0.00453449 0 0
-39.9027 -43.0268 0 0
-0.722146 -0.0556248 0 0
5.90271 29.5216 0 0
-128.55 824.98 0 0
-6.11373 -3.61952 0 0
30.0755 35.0718 0 0
-8.27958 120.728 0 0
-7.31623 -34.0954 0 0
-40.4772 61.8051 0 0
-3.51904 -26.2559 0 0
-4.40551 0.203842 0 0
-0.493081 60.6148 0 0
0.526558 2.25603 0 0
-5.78291 -2.82132 0 0
-50.4277 -224.826 0 0
103.975 -90.6488 0 0
-2.59372 7.25705 0 0
-0.143614 2557.58 0 0
-7.55696 -14.9408 0 0
37.2235 5.0506 0 0
-2.86596 0.620948 0 0
15.9631 2.02659 0 0
-114.771 -94.2803 0 0
30.3896 88.958 0 0
-272.377 -770.565 0 0
-90.2591 -23.1793 0 0
-20.0097 0.833941 0 0
2.15861 8.05568 0 0
-3.54759 -27.9419 0 0
6.59776 5.13282 0 0
73.8809 131.968 0 0
57.001 167.315 0 0
0.42487 -7.25897 0 0
1.45878 2106.25 0 0
29.6598 45.6442 0 0
-8.30329 0.345582 0 0
-33.4624 -41.6659 0 0
-5.94355 7.89515 0 0
1.66528 -2.23631 0 0
16.98 -148.387 0 0
27.2552 -68.2309 0 0
69.9076 99.9306 0 0
94.4034 -4.2836 0 0
16.1315 8.71395 0 0
19.675 17.6611 0 0
12.4917 -34.7662 0 0
-243.452 -238.408 0 0
56.4323 64.3863 0 0
251.442 -37.7128 0 0
-594.699 1022.58 0 0
1.02032 0.649699 0 0
106.665 523.819 0 0
7.92186 0.0452528 0 0
3.21173 -263.25 0 0
-24.4616 77.1257 0 0
-8.6182 0.480221 0 0
5.58125 1.47645 0 0
-0.00315607 10.1592 0 0
-4.12467 -75.0989 0 0
-24.0917 -9.352 0 0
-8.95053 19.5564 0 0
-10.6918 1.72491 0 0
-2.52852 -8.08332 0 0
-0.479234 -0.269416 0 0
-424.503 -813.722 0 0
-41.7995 -21.4481 0 0
14.5788 7.21375 0 0
-3.01605 0.13152 0 0
21.8005 0.897354 0 0
1.011 10.1197 0 0
-1.97126 -0.597058 0 0
85.8239 28.0839 0 0
26.9157 -75.9798 0 0
49.0328 -15.1334 0 0
2.73836 0.152475 0 0
11.1885 47.1448 0 0
-9.79922 507.54 0 0
560.449 -73.6423 0 0
-31.4836 16.1012 0 0
32.5975 -0.684309 0 0
4.19602 24.8104 0 0
-4.56941 -9.50926 0 0
-92.095 -310.159 0 0
-0.167878 -0.513771 0 0
-7.0582 1.45764 0 0
-1.76591 114.337 0 0
85.2957 -1.37329 0 0
0.221501 0.480321 0 0
-131.016 -35.5519 0 0
-1.77572 0.0109291 0 0
-1.06286 -0.914052 0 0
0.044956 -0.087568 0 0
1.34969 0.371835 0 0
66.3261 109.452 0 0
-73.7111 -29.4577 0 0
26.2925 28.984 0 0
-26.7471 -19.7467 0 0
69.9766 156.379 0 0
322.471 -388.021 0 0
-31.4524 28.1533 0 0
-39.6725 -301.8 0 0
155.112 -169.017 0 0
-7.45427 -107.294 0 0
-2.11979 -0.0505133 0 0
3.48059 8.66025 0 0
-128.63 -151.031 0 0
-11.2024 0.199774 0 0
-0.354439 0.359103 0 0
-3.60357 -0.0206132 0 0
107.816 43.2266 0 0
72.1905 44.9724 0 0
-10.7196 -1.06924 0 0
0.579995 61.3966 0 0
27.1638 7.61801 0 0
13.4219 -6.0535 0 0
-0.163718 -0.0311805 0 0
504.06 809.493 0 0
30.2167 -92.8529 0 0
-24.8889 4.47162 0 0
35.9137 67.5831 0 0
133.839 196.551 0 0
-13.1508 -19.9707 0 0
3.51445 -41.1115 0 0
164.014 -168.53 0 0
-16.9915 -6.05469 0 0
-261.053 -165.876 0 0
30.7367 93.9168 0 0
45.3766 1.17533 0 0
-202.06 109.11 0 0
18.2256 38.8794 0 0
-325.534 14218.3 0 0
6.20821 -12.5182 0 0
16.2927 -33.2331 0 0
-6.67187 340.744 0 0
8.43807 5.58147 0 0
43.2799 13.2377 0 0
-3.97553 -3.92813 0 0
-64.9927 -128.789 0 0
25.1255 -207.475 0 0
14.7412 13.4796 0 0
0.546632 -3.51038 0 0
0.334469 0.109817 0 0
-142.364 -48.2115 0 0
-2.33549 6.64192 0 0
-43.2184 5.15825 0 0
-1.14413 1.80465 0 0
20.5936 -196.82 0 0
3.24604 4.90537 0 0
-25.5024 82.0374 0 0
44.6439 48.0579 0 0
-35.7024 -18.4346 0 0
-95.2467 -6.38679 0 0
-103.666 1095.26 0 0
2.18301 60.9761 0 0
-8.35426 -14.5051 0 0
-23.3065 -14.204 0 0
-51.5443 27.8698 0 0
-19.1599 182.943 0 0
-1.79519 0.624155 0 0
-10.6861 43.8226 0 0
-176.246 -93.0933 0 0
0.1363 0.811478 0 0
38.8937 -150.526 0 0
0.235219 -0.0039287 0 0
5.31541 -13.2787 0 0
143.34 -322.251 0 0
188.2 25.3166 0 0
-79.0443 8.02888 0 0
-16.0727 -171.046 0 0
-8.90147 -0.721948 0 0
-1.71561 0.519282 0 0
18.7276 82.2244 0 0
-162.243 -128.572 0 0
-43.7581 -60.8082 0 0
17.7896 3.2878 0 0
220.302 70.9342 0 0
-412.624 -198.538 0 0
-170.443 2.93423 0 0
0.607409 -0.639037 0 0
290.727 396.713 0 0
94.2787 130.729 0 0
106.56 46.7575 0 0
41.0883 113.264 0 0
-89.2586 349.067 0 0
-3.36601 -4.10592 0 0
-2.89281 -4.08596 0 0
24.3847 5.49 0 0
9.92171 76.367 0 0
12.2628 2.43667 0 0
-66.0715 556.836 0 0
6.00012 -19.1361 0 0
-0.177333 -3.09322 0 0
47.8005 31.888 0 0
-155.617 -52.7862 0 0
25.5777 107.925 0 0
-5.13049 -3.93163 0 0
-14.6357 -14.8142 0 0
-463.577 -902.676 0 0
146.773 148.003 0 0
-0.759664 47.8701 0 0
0.009422 0.00319549 0 0
13.6861 -101.892 0 0
0.172579 -0.0504517 0 0
6.30207 0.832566 0 0
11.9502 5.9434 0 0
28.1765 397.167 0 0
2.39703 13.5782 0 0
80.7036 -4.88156 0 0
-6.01485 -2.99838 0 0
-13.8595 -32.5165 0 0
189.453 -67.7656 0 0
256.751 8.31672 0 0
2.10957 0.797509 0 0
33.8678 2.81891 0 0
-56.1904 28.716 0 0
16.2609 -45.1919 0 0
163.603 226.551 0 0
76.8102 306.895 0 0
544.464 720.948 0 0
-236.23 142.148 0 0
0.787852 -0.0126104 0 0
25.6281 1071.12 0 0
-30.2597 238.487 0 0
-1.99472 -13.1035 0 0
-204.824 4.5588 0 0
-16.4825 3.04416 0 0
-0.423985 0.14296 0 0
0.412665 0.27419 0 0
-7.83134 60.1794 0 0
0.795696 2.36809 0 0
-200.541 14.9999 0 0
88.2225 21.4403 0 0
-9.23943 -0.699323 0 0
137.322 604.498 0 0
13.5937 -1.875 0 0
0.739365 -10.0987 0 0
-229.361 1490.84 0 0
-12.8476 -8.89526 0 0
246.585 -42.3148 0 0
8.05872 8.64234 0 0
-6.54 -1.99527 0 0
-70.6926 -104.491 0 0
-7.76534 30.9092 0 0
-330.581 2888.95 0 0
-52.2824 117.763 0 0
13.0191 -93.4876 0 0
0.0196461 0.0462903 0 0
1.91842 -2.25136 0 0
95.2791 230.604 0 0
93.1813 16.5973 0 0
0.814997 0.360633 0 0
219.539 420.695 0 0
-105.631 -377.383 0 0
38.0249 -4.81134 0 0
-289.514 -3.24118 0 0
-86.7018 -283.92 0 0
21.1565 21.9226 0 0
37.2577 63.5921 0 0
431.24 -330.887 0 0
12.3379 14.5485 0 0
-13.4964 0.685856 0 0
-10.5666 1843.33 0 0
-2.98367 -10.1871 0 0
4.36254 2.4715 0 0
102.114 104.487 0 0
3.6319 36.2149 0 0
95.5367 -31.2349 0 0
15.7545 283.755 0 0
35.7168 251.963 0 0
92.6734 255.951 0 0
0.352806 -0.394014 0 0
3.47024 2.45128 0 0
-26.2201 99.77 0 0
37.4466 -90.5356 0 0
4.21626 0.383307 0 0
24.8549 31.2859 0 0
-371.746 -467.305 0 0
-240.995 -13.1454 0 0
1.36155 -4.05117 0 0
309.445 945.497 0 0
86.5963 186.588 0 0
0.000272623 0.000485543 0 0
3.04633 0.0327211 0 0
0.264896 -0.0213877 0 0
62.2958 41.1002 0 0
11.8968 -0.191562 0 0
-6.34968 5.49853 0 0
140.555 223.244 0 0
0.0532242 -2.68283 0 0
0.278406 -0.116937 0 0
-2.98724 780.271 0 0
39.9355 3.52074 0 0
29.876 294.533 0 0
-6.17899 7.35808 0 0
-0.165907 0.569718 0 0
57.3239 2464.04 0 0
12.2278 -8.5221 0 0
34.4895 51.0381 0 0
-21.3831 0.913564 0 0
-0.575883 3.28294 0 0
19.83 -3.07617 0 0
-11.7251 38.9698 0 0
-1.1712 -0.050093 0 0
-685.523 78816.3 0 0
46.4823 27.7867 0 0
14.6782 43.7846 0 0
79.2019 -5085.46 0 0
-2.32706 -2.34887 0 0
-212.476 -91.8928 0 0
10.3253 18.085 0 0
8.93753 -7.90169 0 0
0.0551262 1.88426 0 0
75.291 245.316 0 0
27.2672 0.356804 0 0
-43.9175 17.0923 0 0
50.7124 105.152 0 0
0.529245 -12.5226 0 0
6.82521 -2.82126 0 0
-60.6937 -142.17 0 0
-41.3512 -30.2705 0 0
69.7332 -210.493 0 0
5.71275 0.182967 0 0
-87.8021 -75.5195 0 0
-433.712 -22.9276 0 0
-0.812222 68.8659 0 0
-3.3965 2.77424 0 0
0.904601 447.061 0 0
1.57754 41.2623 0 0
-14.1566 -61.4008 0 0
116.922 204.353 0 0
4.57601 -10.6754 0 0
-0.542386 0.612315 0 0
52.6443 -19.7011 0 0
2.63261 1.06729 0 0
187.775 12.5101 0 0
-86.2579 -47.8142 0 0
0.246694 6.7254 0 0
-8.83681 0.63698 0 0
-1.01544 0.0817762 0 0
-79.2934 42.1166 0 0
-50.5373 49.4823 0 0
2.67183 29.2204 0 0
-14.0605 15.2671 0 0
520.839 27.1025 0 0
-167.31 35.1058 0 0
117.017 -153.504 0 0
1.66487 -11.13 0 0
-102.987 -2.07315 0 0
-10.7179 -6.17851 0 0
-0.452361 0.0019217 0 0
3.6844 1.73465 0 0
-10.6461 -15.0384 0 0
-0.00708343 0.0603613 0 0
56.9178 421.211 0 0
-30.9833 -6.61169 0 0
0.467888 -16.9967 0 0
150.065 -9.32591 0 0
-0.494201 -1.20532 0 0
9.25383 -10.9836 0 0
12.4421 23.0926 0 0
84.1944 215.219 0 0
-56.6936 -1.33441 0 0
-59.7591 -23.2249 0 0
-59.0256 -1.79309 0 0
-26.1418 9.55133 0 0
-95.465 -40.7048 0 0
-206.831 7.19071 0 0
-42.2913 38.9358 0 0
-232.749 -238.459 0 0
-2.25884 2.1009 0 0
576.309 299.654 0 0
-2.22079 3.06213 0 0
0.152938 -2.06294 0 0
47.7022 5.6126 0 0
13.3017 10.0621 0 0
12.4651 14.7806 0 0
9.17138 -53.778 0 0
2.66226 -24.7857 0 0
-1.88304 -3.90264 0 0
166.32 23.0142 0 0
-98.5168 117.677 0 0
-4.92404 -6.00139 0 0
-28.8862 -425.124 0 0
21.9271 -4.6587 0 0
-96.4504 -20.8458 0 0
16.7473 284.757 0 0
-0.0687644 0.0870888 0 0
0.302208 4.2008 0 0
-33.5997 -2.32624 0 0
21.149 -4.17439 0 0
-30.6636 -222.373 0 0
10.6397 3.45922 0 0
-7.60007 -3.08158 0 0
-97.3696 176.817 0 0
-180.635 -164.887 0 0
-3.84815 7.44727 0 0
-25.6713 -16.7437 0 0
-101.139 -100.459 0 0
-5.27739 -22.8474 0 0
32.3758 -26.5081 0 0
-85.6462 -163.368 0 0
1.67135 -0.00723681 0 0
27.0275 36.6775 0 0
12.7734 -3.03055 0 0
55.1223 49.3699 0 0
-13.227 -31.6702 0 0
6.27634 -1.99074 0 0
-1.52502 0.168971 0 0
-43.1026 -2.8841 0 0
16.7182 6.3118 0 0
-0.708935 0.435241 0 0
6.03158 -0.0477403 0 0
0.577564 -1.45803 0 0
-55.3302 -1537.22 0 0
-2.11471 -172.795 0 0
-15.3892 -119.368 0 0
-5.84569 36.3758 0 0
188.406 172.171 0 0
0.269387 -0.351917 0 0
0.555526 0.0427544 0 0
-6.39044 -2.77568 0 0
-7.06248 -6.28391 0 0
12.8877 -32.4629 0 0
-5.05732 0.645331 0 0
60.0141 17.7682 0 0
103.418 -14.2328 0 0
-21.3395 -243.943 0 0
-44.6358 -40.9366 0 0
-46.3836 -36.059 0 0
14.5746 3.34085 0 0
23.7019 -57.5938 0 0
0.587296 8.45734 0 0
5.16342 0.0128039 0 0
-3.81183 -0.662466 0 0
11.8651 31.713 0 0
36.2765 -54.0615 0 0
25.0738 -85.2125 0 0
3.07366 -2.92064 0 0
-59.0331 90.1904 0 0
-187.489 192.113 0 0
23.5626 26.2735 0 0
-6.62695 -1.04768 0 0
32.4753 -36.6192 0 0
-544.245 -172.688 0 0
-12.9513 -9.20248 0 0
-32.9414 -5.67288 0 0
1.14332 0.191133 0 0
-4.05198 -0.11456 0 0
-24.017 -200.91 0 0
-130.006 -831.505 0 0
109.279 -12143.4 0 0
-57.1282 -873.7 0 0
-3.00154 2.95717 0 0
8.8716 -20.5158 0 0
1.32983 1.20829 0 0
61.2317 -29.04 0 0
-6.76743 -5.03647 0 0
-29.6322 4.2549 0 0
-3.01218 0.209968 0 0
-241.425 -202.865 0 0
-0.892256 -27.6145 0 0
-16.8042 -114.932 0 0
2.66047 -17.1856 0 0
33.7333 8.66528 0 0
-0.663355 27.7033 0 0
-6.61038 -8.35642 0 0
-0.890199 0.790728 0 0
5.58382 3.31838 0 0
-17.9969 12.3425 0 0
-10.8904 -8.19845 0 0
-48.0868 -47.8159 0 0
83.3984 884.783 0 0
91.6316 61.8286 0 0
10.2913 84.3078 0 0
-177.321 329.937 0 0
2.54561 5.74538 0 0
-1.76608 0.161235 0 0
-77.2399 10.6496 0 0
-220.008 308.372 0 0
1.87437 -34.1383 0 0
10.7531 -28.091 0 0
686.444 2626.78 0 0
-37.0439 -30.292 0 0
-4.77692 -4.43334 0 0
135.749 197.604 0 0
88.2225 202.894 0 0
-9.59239 -8.74571 0 0
-1044.68 -2473.45 0 0
6.05806 -9.9032 0 0
22.6643 49.477 0 0
-7.37234 -0.00213899 0 0
56.9639 -6.30255 0 0
0.153971 0.289145 0 0
-46.9386 -1.81096 0 0
-28.2597 -45.7434 0 0
-166.992 -125.582 0 0
-169.695 -15.4802 0 0
-49.8797 13.9504 0 0
5.20071 -17.0677 0 0
-74.9371 -70.5523 0 0
109.766 109.174 0 0
-6.38997 -15.0553 0 0
-6.64517 7.9685 0 0
7.88757 -35.3421 0 0
-2.9103 -2.92741 0 0
0.101027 0.232937 0 0
82.6046 603.447 0 0
55.6044 -187.189 0 0
-0.529765 -0.3368 0 0
-66.609 -59.6561 0 0
1.55949 5.44563 0 0
0.855288 1.64121 0 0
15.3549 0.266912 0 0
-42.6347 -55.9731 0 0
-951.259 2375.18 0 0
-0.0425644 -5.45317 0 0
10.7613 -0.548009 0 0
24.1157 -115.331 0 0
13.5217 -5.62443 0 0
89.0133 -7.79596 0 0
-73.2837 62.805 0 0
-16.5958 -73.8179 0 0
1.1069 0.0419942 0 0
93.1377 122.967 0 0
152.148 24.1369 0 0
82.4248 0.439114 0 0
-210.553 114.17 0 0
4.13286 -4.9677 0 0
-0.774652 0.207103 0 0
0.129065 0.177616 0 0
237.754 1063.03 0 0
-0.447211 -0.0720766 0 0
-3.56425 6.49187 0 0
0.163226 -1.59019 0 0
19.409 -2.25218 0 0
54.0595 12.6927 0 0
-27.693 -72.9397 0 0
62.5399 -164.634 0 0
48.1416 -10.9116 0 0
64.0228 -18.8432 0 0
-45.4644 -32.8595 0 0
3.96061 5.50545 0 0
2.75484 280.386 0 0
34.7858 -515.438 0 0
-1.33722 2.75106 0 0
-26.4209 7.01619 0 0
-64.2896 107.481 0 0
63.8452 -275.162 0 0
14.1277 24.025 0 0
17.8087 19.5667 0 0
-24.4691 -37.4812 0 0
-210.989 7.86055 0 0
-0.288698 0.0133744 0 0
-47.0661 -30.3535 0 0
-14.1292 -99.6584 0 0
361.327 333.234 0 0
-5.57213 6.00491 0 0
-9.19727 -7.56543 0 0
0.0126653 0.251067 0 0
-36.5519 1.74553 0 0
35.3645 -23.5296 0 0
350.638 866.254 0 0
-125.188 143.381 0 0
-16.4159 -43.5416 0 0
-5.86398 0.683019 0 0
347.017 435.098 0 0
37.8623 42.0112 0 0
-97.5484 -34.5184 0 0
-394.884 -42.0518 0 0
61.9597 -23.8826 0 0
-3.1298 -0.603602 0 0
-36.6069 -26.7015 0 0
3.6952 -0.694109 0 0
-1.13324 0.373967 0 0
-64.465 279.036 0 0
-0.813327 -4.65409 0 0
18.5754 14.3565 0 0
4.96155 -25.8366 0 0
-0.768163 -0.808115 0 0
-6.52982 -78.8946 0 0
122.542 199.779 0 0
-9.10821 -4.60244 0 0
-85.0208 4.79988 0 0
0.632849 -2.55016 0 0
-1.18054 0.239973 0 0
-0.0969448 0.101972 0 0
0.799923 -0.312399 0 0
26.5328 24.4113 0 0
-3.70478 129.167 0 0
0.185065 -0.0612234 0 0
1.95054 -3.64329 0 0
-0.726267 0.0203475 0 0
-7.46678 0.443457 0 0
17.5094 0.194664 0 0
-238.515 -59.1856 0 0
-23.5084 -12.0745 0 0
-61.8027 12.537 0 0
-38.404 -26.4326 0 0
23.6815 45.4079 0 0
4.4773 -310.021 0 0
-73.4489 36.6495 0 0
10.7005 1.0264 0 0
-0.321848 -0.148172 0 0
5.09953 -12.9767 0 0
-11.8868 -29.2412 0 0
-90.528 10.5472 0 0
-6.48804 -5.5922 0 0
-0.184913 0.0224994 0 0
-95.3115 -10.3002 0 0
103.188 -58.5935 0 0
-65.8339 -38.4734 0 0
-12.8939 460.826 0 0
80.6928 -67.2516 0 0
1.39024 -0.229567 0 0
-9.87183 66.4965 0 0
-342.744 -450.693 0 0
-4.90211 -15.7214 0 0
-19.3116 -40.5423 0 0
-110.728 -112.024 0 0
6.47909 7.48238 0 0
0.46209 0.233707 0 0
-7.3391 1.05187 0 0
14.6997 -12.6483 0 0
-0.977831 81.593 0 0
36.5723 468.079 0 0
373.87 731.358 0 0
27.1464 68.1131 0 0
-0.242157 -0.0117876 0 0
-18.5062 3.53243 0 0
-94.1019 143.44 0 0
39.7159 61.405 0 0
34.7648 102.072 0 0
44.0134 -38.0419 0 0
102.616 -4.49991 0 0
-0.933008 -2.55885 0 0
2.35077 1.05633 0 0
20.1407 21.3718 0 0
272.491 79.8469 0 0
-50.181 -29.4498 0 0
-35.1169 -59.9029 0 0
99.5581 358.149 0 0
-62.421 -86.8952 0 0
-0.118695 -0.53864 0 0
-531.641 -667.744 0 0
41.5273 12.4563 0 0
49.6928 -2.60704 0 0
75.401 1088.41 0 0
8.84478 0.231447 0 0
101.18 140.435 0 0
99.9038 1408.25 0 0
-5.26582 -698.055 0 0
63.0528 -75.6154 0 0
3.3331 20.7181 0 0
-0.189943 0.480298 0 0
59.5712 89.4564 0 0
-11.4138 -1322.36 0 0
57.6052 1246.35 0 0
138.368 -1012.49 0 0
121.13 -6.29924 0 0
1.66025e-05 -0.0223927 0 0
0.140557 0.0669597 0 0
-5.21651 14.2202 0 0
8.55605 93.4854 0 0
-0.515998 -1.20613 0 0
1.00137 0.204033 0 0
191.14 -13.1659 0 0
4.55016 3.98598 0 0
90.5519 -1.01428 0 0
3.50531 0.136144 0 0
-52.0812 5.43182 0 0
120.123 -259.106 0 0
8.36933 -3.59752 0 0
41.1097 -27.1191 0 0
-5.55016 -444.056 0 0
57.1856 22.8928 0 0
67.1796 94.4922 0 0
-3.75325 -13.4368 0 0
86.9388 341.311 0 0
58.3938 79.9832 0 0
-198.239 -981.482 0 0
-13.8771 -5.75938 0 0
-230.695 38.826 0 0
-1.41237 0.206444 0 0
-4.24274 0.207062 0 0
16.775 -627.024 0 0
2.48747 13.1795 0 0
33.5928 13.1042 0 0
-2.8678 25.0095 0 0
-12.2982 -0.507624 0 0
-29.9816 -27.2926 0 0
1.05043 0.205162 0 0
-108.117 433.499 0 0
18.0079 49.4653 0 0
-273.443 2755.79 0 0
-28.1322 -10.0471 0 0
-4.91138 -1.21732 0 0
111.316 -74.374 0 0
132.217 -111 0 0
-23.4167 0.186536 0 0
13.0682 -15.9487 0 0
48.9748 34.0651 0 0
-13.651 37.785 0 0
9.21424 -49.3101 0 0
-22.2213 19.237 0 0
-83.0761 63.4936 0 0
48.9791 -551.212 0 0
60.6676 -14.885 0 0
-29.9782 -31.6283 0 0
58.383 -57.8958 0 0
-25.9058 -41.4181 0 0
-7.83889 -79.4845 0 0
0.351649 164.501 0 0
-19.7928 14.1347 0 0
1.50824 0.154779 0 0
34.7163 3.16057 0 0
226.019 598.696 0 0
-5.95046 -15.7924 0 0
3.20097 1.5621 0 0
1.32392 0.529029 0 0
428.865 -438.851 0 0
-4.05195 30.5138 0 0
-4.02567 13.7382 0 0
-258.683 -249.544 0 0
-1.7698 45.0919 0 0
-0.641299 -0.953709 0 0
39.9786 318.039 0 0
29.7048 53.7085 0 0
-0.0138562 4.18056 0 0
-1.10238 0.349427 0 0
-2.95004 155.144 0 0
21.2624 14.5715 0 0
-6.29294 -0.0351555 0 0
0.116696 0.719567 0 0
2.29931 6.42971 0 0
-0.00623225 0.473354 0 0
-98.0706 -1867.47 0 0
-16.0058 18.2985 0 0
-47.2034 27.8513 0 0
-20.7525 -39.9286 0 0
-3.40459 -9.43977 0 0
-3.8483 -2.01611 0 0
6.33825 0.250277 0 0
29.3928 6.92352 0 0
10.7222 -8.29116 0 0
-10.4947 -462.903 0 0
5.91291 -0.0625952 0 0
13.365 1.99947 0 0
29.4956 -2.15137 0 0
4.15875 1.44838 0 0
26.299 8.27041 0 0
2.93567 1.60966 0 0
-6.27787 1.19629 0 0
-0.751626 4.10065 0 0
16.7285 -24.5665 0 0
0.503099 -0.164489 0 0
-3.01585 -0.585445 0 0
-51.2153 -55.9714 0 0
-5.63407 10.0085 0 0
6.87117 -17.1084 0 0
23.6475 -43.1186 0 0
-1.53623 -9.30599 0 0
-2.81676 8.7197 0 0
-17.3081 -21.2241 0 0
-0.0587484 0.62384 0 0
-28.1814 -57.463 0 0
-4.62798 36.062 0 0
-0.275839 -0.0292838 0 0
1.94551 25.2998 0 0
-202.321 -112.801 0 0
20.5648 -200.972 0 0
-122.097 30.4948 0 0
33.2607 -5.89868 0 0
-30.3665 -172.966 0 0
7.64568 -1.58314 0 0
9.75236 0.387712 0 0
-46.5752 148.299 0 0
524.264 49523.9 0 0
63.9088 46.0357 0 0
-0.628627 6.71299 0 0
-3.6557 -5.91603 0 0
8.07131 0.747692 0 0
264.846 76.1331 0 0
-18.5184 10.4258 0 0
159.643 4.8246 0 0
-28.0536 -3.32986 0 0
-409.145 -457.535 0 0
-1.03774 -1.8418 0 0
-7.05859 6.49942 0 0
0.104708 0.0593576 0 0
-17.4576 24.2709 0 0
-2.02527 111.81 0 0
4.02083 3.19831 0 0
2.42976 4.78707 0 0
58.9063 24.4043 0 0
15.4876 22.0054 0 0
1.00089 -0.231647 0 0
3.90496 9.39776 0 0
23.6055 -57.3287 0 0
4.40833 2.66543 0 0
-3.52003 4.43413 0 0
51.4192 150.988 0 0
-2.20785 0.333632 0 0
-34.2144 -29.3036 0 0
156.427 15.7525 0 0
-77.552 -53.361 0 0
1.02867 19.4168 0 0
30.9634 -65.0507 0 0
-89.5297 4.13709 0 0
23.9556 -698.15 0 0
5.45292 -131.629 0 0
-13.8991 -8.13716 0 0
-22.5004 -0.0578026 0 0
-252.621 857.17 0 0
0.861876 -0.72926 0 0
0.113208 2.81628 0 0
-185.947 223.029 0 0
24.2942 40.2671 0 0
1.92012 -1.30589 0 0
0.822029 0.492987 0 0
-24.8321 2.70943 0 0
12.6396 -6.44996 0 0
-7.24039 99.976 0 0
30.3975 34.1492 0 0
-8.4677 -2.97225 0 0
-0.205351 -0.237879 0 0
-51.8171 -52.7271 0 0
-23.5913 -5.89423 0 0
-861.141 -15.1599 0 0
-5.28917 -504.252 0 0
4.39596 85.5402 0 0
177.229 207.682 0 0
0.0620071 0.0181997 0 0
-18.8376 12.338 0 0
-479.285 -1281.97 0 0
3.22798 2.40968 0 0
-0.0267704 0.0360188 0 0
51.0428 -292.287 0 0
-3.3769 -0.290629 0 0
83.2446 21.8832 0 0
-72.7193 -187.478 0 0
-189.865 244.789 0 0
117.648 76.0554 0 0
-6.64453 1.54297 0 0
-20.9961 0.812169 0 0
-36.8497 -0.165132 0 0
-31.2209 289.185 0 0
272.352 -60.7875 0 0
162.846 911.735 0 0
8.4544 51.928 0 0
0.800005 1.82325 0 0
11.1389 230.756 0 0
-94.6827 -77.0354 0 0
-0.257335 -6.48802 0 0
3.16551 12.9582 0 0
11.4929 9.6076 0 0
1.9417 0.452268 0 0
8.80489 9.2917 0 0
1.17662 133.728 0 0
-67.6869 -542.662 0 0
33.121 449.447 0 0
-32.3125 -50.9032 0 0
-22.5925 42.4772 0 0
31.3052 -33.2843 0 0
-218.767 -738.711 0 0
-7.34979 -16.8992 0 0
15.7887 1.15745 0 0
-130.577 -345.767 0 0
-105.838 1876.03 0 0
7.77263 -1981.7 0 0
-9.47757 0.930912 0 0
3.40578 -1.3182 0 0
-60.211 -353.738 0 0
-4.64218 -9.4308 0 0
-1.01993 -68.2026 0 0
-39.7634 -71.8947 0 0
-134.496 43.9848 0 0
-9.36443 -28.078 0 0
45.4657 8.01711 0 0
62.934 -194.566 0 0
-1.67624 0.305736 0 0
-15.295 -29.3373 0 0
-14.0975 -1028.84 0 0
-2.62732 5.77466 0 0
288.86 -619.255 0 0
101.846 26.0484 0 0
77.4555 33.8409 0 0
-2.8851 0.392481 0 0
26.3912 85.1148 0 0
60.2921 88.141 0 0
72.9414 -765.003 0 0
-1328.4 -3827.37 0 0
2.19922 16.3501 0 0
-1.7535 -5.61604 0 0
1.53062 -0.946949 0 0
221.283 -326.983 0 0
-415.065 230.14 0 0
99.3726 -52.6978 0 0
-3.12387 -4.72605 0 0
-43.0868 6626.45 0 0
-25.709 225.003 0 0
-0.802744 -0.489975 0 0
33.3247 2048.69 0 0
-29.177 -150.775 0 0
84.5312 7723.41 0 0
40.2923 146.016 0 0
336.781 -54.5616 0 0
-25.9254 -17.0777 0 0
-4.09573 -1.94482 0 0
105.257 3.59632 0 0
-31.9438 12.4069 0 0
3.48777 -1.52747 0 0
-1.37714 0.417941 0 0
4.98014 7.35008 0 0
218.677 268.64 0 0
-1.84292 187.281 0 0
-3.85641 -0.278849 0 0
-3.53368 22.4615 0 0
3.72829 -34.2288 0 0
332.567 148.119 0 0
1.60386 -116.06 0 0
13.9908 10.1637 0 0
-24.7248 292.128 0 0
-57.9218 -229.607 0 0
-58.8097 -130.93 0 0
-3.16635 -136.136 0 0
-53.7603 19.5747 0 0
-6.23576 1.36747 0 0
-167.184 -536.554 0 0
2.53443 -55.7446 0 0
39.9155 118.844 0 0
-0.399621 0.110577 0 0
221.69 6190.7 0 0
-1.11188 2.02715 0 0
36.5125 -56.4003 0 0
-4.97266 23.2159 0 0
-288.471 -149.229 0 0
-4.29111 -10.9265 0 0
20.9879 -29.7518 0 0
143.153 93.0376 0 0
0.0478049 0.270502 0 0
1.29598 -2.1946 0 0
-128.657 -67.3061 0 0
0.462544 0.732753 0 0
-43.8752 -207.151 0 0
28.5458 -31.6163 0 0
28.4485 227.142 0 0
6.56364 6.35429 0 0
-14.3665 -0.0236696 0 0
16.79 62.9654 0 0
0.0207683 0.00727748 0 0
40.3009 0.815357 0 0
-0.839429 3.39067 0 0
1.81096 5.15553 0 0
-6.84015 41.0749 0 0
-19.3399 -49.6254 0 0
13.15 132.127 0 0
428.385 115.256 0 0
-108.687 -2270.52 0 0
4.54154 0.893264 0 0
-83.4201 -1168.81 0 0
28.539 16.9505 0 0
-0.0564317 -37.913 0 0
-140.902 325.474 0 0
-126.048 83.0419 0 0
-37.0162 -9.49908 0 0
-521.114 -9691.88 0 0
-230.122 159.99 0 0
-394.104 57.7046 0 0
-0.141152 0.0029108 0 0
26.6896 12.413 0 0
3.52246 1.10843 0 0
-3.23004 -44.0736 0 0
-6.92098 -3.07675 0 0
26.3541 70.8369 0 0
0.111046 0.0601895 0 0
-0.0288444 0.0471866 0 0
-29.2259 -34.8031 0 0
27.3697 170.408 0 0
0.0861762 0.175645 0 0
-193.062 39.5997 0 0
2.08161 16.2408 0 0
104.038 306.238 0 0
-50.5692 -54.7859 0 0
0.595798 -11.82 0 0
-11.1958 -5.64185 0 0
-10.2759 -14.7734 0 0
-9.27864 185.262 0 0
1.50144 -0.49995 0 0
14.1528 -0.478175 0 0
-29.2818 -141.547 0 0
48.8818 13.2997 0 0
-29.4773 71.0341 0 0
-0.0299523 749.606 0 0
56.8065 85.4322 0 0
-1.68465 0.234449 0 0
58.96 -156.643 0 0
-12.2722 -20.0254 0 0
-1.71988 -6.63148 0 0
-3.88235 -1.87544 0 0
-4.43714 13.8559 0 0
-53.3461 87.8204 0 0
-58.1182 -85.1956 0 0
392.83 -589.801 0 0
-0.197551 -1.02039 0 0
11.5647 22.4335 0 0
157.785 10.687 0 0
-47.6172 -0.0392605 0 0
2.80328 -2.0343 0 0
201.668 0.324617 0 0
23.5241 117.717 0 0
-79.3756 53.3703 0 0
-138.881 -66.2594 0 0
32.3643 23.6842 0 0
-1.87248 0.786253 0 0
10.3902 1.30404 0 0
77.7875 7.44463 0 0
-7.36509 -7.25095 0 0
-57.2626 107.324 0 0
-0.0609562 -0.093363 0 0
2.18387 -4.3331 0 0
82.6228 2937.1 0 0
3.81476 3.35918 0 0
-18.2784 -13.6726 0 0
7.09058 10.8838 0 0
30.9664 40.5226 0 0
-9.62832 -3.14998 0 0
29.8077 33.6715 0 0
8.09819 -0.297028 0 0
82.2185 106.509 0 0
187.374 152.758 0 0
-36.0327 198.887 0 0
0.659584 -3.43328 0 0
-19.0644 -10.8601 0 0
-1.59178 0.328662 0 0
0.201694 0.360377 0 0
74.7357 -37.3997 0 0
31.3626 31.8504 0 0
0.551466 2.07584 0 0
-1.47228 -0.885171 0 0
13.9441 -8.17031 0 0
1.25687 -30.8111 0 0
180.724 -29.0053 0 0
-55.7103 -71.3797 0 0
-71.9529 -78.118 0 0
25.9058 18.9669 0 0
-11.7994 -0.697056 0 0
-31.1468 -24.7547 0 0
-18.4254 -3.24057 0 0
3.0522 -2.33134 0 0
0.125162 400.972 0 0
6.39048 -15.3638 0 0
-16.1884 3.55694 0 0
-144.585 1.36523 0 0
-1.08763 0.147771 0 0
-79.6175 -57.1486 0 0
159.962 52.9985 0 0
2.91202 4.48638 0 0
-100.199 474.884 0 0
9.33389 -22.5323 0 0
-2471.58 9929.44 0 0
14.1924 13.6034 0 0
3.01496 2.7487 0 0
585.325 -2842.28 0 0
-4.1678 0.0502641 0 0
-3.39934 -48.2413 0 0
-38.9805 107.689 0 0
424.476 343.761 0 0
223.228 791.807 0 0
-6.67613 -48.0858 0 0
2.10926 -0.374353 0 0
-2.34068 2.12382 0 0
-0.287543 3.33551 0 0
-33.0119 -1.38281 0 0
-0.327105 -0.302813 0 0
434.171 31.5749 0 0
3.89352 522.114 0 0
13.9491 17.5293 0 0
-60.0291 -25.9304 0 0
3.29938 71.5063 0 0
13.0358 -2.03077 0 0
-143.601 125.435 0 0
-2.90582 0.026157 0 0
0.128846 -0.00343146 0 0
84.8435 1.56447 0 0
-11.927 -6.79403 0 0
122.237 76.5414 0 0
3.39178 0.0358023 0 0
0.0352372 -0.0761617 0 0
11.501 7.37583 0 0
0.0314985 0.104958 0 0
180.334 116.9 0 0
-293.586 -119.173 0 0
-0.496833 1.62897 0 0
-15.2713 -1.57648 0 0
108.511 98.1295 0 0
1.5981 -0.885958 0 0
-1.42365 0.767354 0 0
5.36121 -8.702 0 0
-228.404 -402.08 0 0
4.2104 116.073 0 0
-176.402 -190.457 0 0
-254.743 -421.387 0 0
24.3969 8.67992 0 0
-0.343979 -0.287853 0 0
35.4363 8.45749 0 0
30.1898 -40.0354 0 0
-13.9123 -4.70749 0 0
-13.3067 2.53724 0 0
6.11813 -15.2769 0 0
-1.83228 2.6869 0 0
-18.3953 -22.938 0 0
15.5277 3.12542 0 0
-8.92793 -14.9138 0 0
-19.1181 -490.436 0 0
1.47371 27.9271 0 0
-190.222 -419.46 0 0
-0.42881 -0.869034 0 0
-15.0377 -493.092 0 0
6.0352 -38.4539 0 0
-2.11419 3.70376 0 0
340.144 -30.4322 0 0
12.5429 2.94701 0 0
-15.4268 28.296 0 0
104.373 159.541 0 0
10.4097 4.16895 0 0
5.88638 -1.29626 0 0
0.163098 0.706011 0 0
68.7569 160.301 0 0
-193.553 -84.8222 0 0
-58.7463 55.056 0 0
0.160052 39.2246 0 0
149.233 360.192 0 0
-20.8944 -5.57843 0 0
-0.116156 9.56012 0 0
-2.67426 -16.2743 0 0
-14.1235 162.363 0 0
316.395 -65.232 0 0
123.847 1225.2 0 0
95.1026 28.8932 0 0
10.6326 -8.73551 0 0
-28.7653 -82.758 0 0
17.0469 21.3568 0 0
2.64143 -3.35595 0 0
-123.933 -23.3841 0 0
66.9023 119.207 0 0
-18.655 -20.8362 0 0
198.535 -111.795 0 0
231.312 409.675 0 0
12.6566 12.1763 0 0
-16.6168 22.3866 0 0
8.10778 -0.28249 0 0
0.436004 -0.0100767 0 0
1.02384 0.338579 0 0
32.4395 16.8436 0 0
2.28624 0.207919 0 0
22.4881 7.408 0 0
-151.804 -2.34401 0 0
102.492 145.533 0 0
45.3228 165.511 0 0
-4.55441 124.595 0 0
-106.898 -1.1041 0 0
-74.2164 -63.421 0 0
-66.1404 4.84616 0 0
0.720742 -1.49542 0 0
16.1327 5.2118 0 0
-683.289 -1064.33 0 0
-145.916 -56.2492 0 0
7.81186 7.38235 0 0
83.1481 19.5033 0 0
-227.142 61.4836 0 0
2.94722 138.496 0 0
-203.195 -36.6211 0 0
-70.1594 271.548 0 0
41.9758 6.2576 0 0
15.094 -9.9856 0 0
0.270556 0.196657 0 0
4.01727 10.5079 0 0
-2.39524 -7.06054 0 0
-1.89576 -0.43638 0 0
-61.7161 40.8932 0 0
-410.073 -865.217 0 0
2.08459 19.8115 0 0
64.9004 55.0943 0 0
5.18985 1.85493 0 0
-14.2055 2.31503 0 0
30.9658 -59.6282 0 0
-34.7435 4.7372 0 0
74.239 20.4189 0 0
3.84398 -7.46303 0 0
-5.12793 -7.46725 0 0
2.98669 -12.3113 0 0
-0.23468 1.11941 0 0
-26.1563 8.65595 0 0
-163.424 -151.882 0 0
3.41441 -0.777336 0 0
-166.37 -377.848 0 0
2.47705 -41.7189 0 0
206.05 792.694 0 0
-6.1754 -4.33852 0 0
-160.906 -289.829 0 0
-7.73035 13.4647 0 0
6.22538 -4.86087 0 0
14.2626 177.1 0 0
2.90405 -11.911 0 0
-1.27101 14.1828 0 0
79.4277 6.61812 0 0
25.0397 3.46627 0 0
-17.0036 334.106 0 0
11.84 6.21755 0 0
-3.3226 -254.22 0 0
6.76803 -4.59308 0 0
-14.4774 -21.8026 0 0
0.560697 -16.6334 0 0
-109.472 -13.1622 0 0
-46.798 39.6299 0 0
-2.45446 -4.97849 0 0
-0.243591 0.777706 0 0
-1.67769 -13.8491 0 0
-0.426173 -0.549891 0 0
1.9774 2.02383 0 0
1.20577 0.0659514 0 0
3.4078 0.0735583 0 0
382.526 -22.5467 0 0
5.19316 2.62596 0 0
-20.7724 -21.5451 0 0
-17.2381 24.3147 0 0
-19.2113 5.30555 0 0
-238.321 -454.161 0 0
-14.1516 -31.1075 0 0
1.0395 -1.38601 0 0
5.71827 10.0491 0 0
-54.5326 -83.8071 0 0
-14.3316 9.40773 0 0
-30.0356 727.278 0 0
21.1571 165.905 0 0
7.52201 1.13317 0 0
72.8103 59.558 0 0
2.23706 1.9613 0 0
9.78416 4.80131 0 0
132.943 183.189 0 0
8.76194 43.1393 0 0
-40.2575 -80.5549 0 0
-49.0908 21.4954 0 0
206.7 -218.877 0 0
19.1699 5.29869 0 0
285.992 -1024.45 0 0
13.8759 -118.738 0 0
3.6004 -21.1371 0 0
2.91415 -0.174672 0 0
10.7107 -71.3711 0 0
42.0863 -4.55168 0 0
117.481 -366.726 0 0
65.0265 -24.9053 0 0
-62.369 6.36022 0 0
20.7888 63.6039 0 0
-0.729722 -1.00297 0 0
3.41983 2.83804 0 0
7.13219 6.58058 0 0
-9.70268 -13.4482 0 0
-8.05129 -10.6588 0 0
20.5902 10.2021 0 0
28.3047 36.7867 0 0
-18.9879 1.96059 0 0
13.8285 193.97 0 0
115.285 -2.42117 0 0
0.0163449 -0.0209007 0 0
-37.1954 -57.6749 0 0
-6.2832 -0.430968 0 0
44.4236 2649.4 0 0
-48.2053 -93.7155 0 0
-365.134 535.392 0 0
-51.6742 -115.926 0 0
-112.039 105.179 0 0
-0.2275 0.671817 0 0
-5.2766 -5.80578 0 0
5.06905 10.1293 0 0
153.772 12.1149 0 0
-9.65484 -11.4827 0 0
-29.0101 -16.8932 0 0
-4.5215 0.292261 0 0
817.382 689.739 0 0
-40.8004 -11.995 0 0
3.81909 1.74947 0 0
-91.5291 -331.588 0 0
-16.4172 170.61 0 0
-102.21 -15.5158 0 0
-0.373156 14.2491 0 0
-7.2938 1.12489 0 0
-195.675 -247.754 0 0
86.7125 1398.8 0 0
125.734 185.405 0 0
9.37372 39.1584 0 0
128.956 366.872 0 0
-15.2591 3.70959 0 0
-32.9904 -155.029 0 0
147.847 30.9414 0 0
336.065 -100.746 0 0
-116.747 -18.7615 0 0
-139.637 -28.6337 0 0
-2.32856 1.30423 0 0
27.4381 -42.8176 0 0
-45.4988 -1081.03 0 0
-146.938 -72.9248 0 0
-3.84319 48.4026 0 0
3.862 -0.335996 0 0
0.418845 6.3928 0 0
-9.73299 7.01127 0 0
25.6959 -6.52028 0 0
2.23801 0.805458 0 0
-4.92289 -11.9006 0 0
41.5563 246.298 0 0
20.7755 -10.0465 0 0
-27.8587 -12.4547 0 0
-6.9057 -29.1307 0 0
-23.6336 -67.4763 0 0
-13.6463 6.21968 0 0
-51.8188 -24.6103 0 0
-64.6632 215.245 0 0
8.23829 1.73502 0 0
26.0549 -97.698 0 0
-10.8562 -81.5634 0 0
-7.7368 -1.61078 0 0
-8.20223 19.2367 0 0
-123.044 -447.058 0 0
-3.47799 -0.0305019 0 0
-6.41124 -8.07352 0 0
3.9368 -1.68603 0 0
-15.6567 0.233983 0 0
-21.8522 17.0338 0 0
33.1294 25.9048 0 0
-130.512 -263.288 0 0
-2.66272 0.666211 0 0
294.395 1394.26 0 0
-37.6054 476.552 0 0
-15.2432 4.21721 0 0
-125.916 -170.404 0 0
-42.5797 -6.84832 0 0
-225.452 -1604.64 0 0
1.84315 1.78604 0 0
-1.05717 -0.261337 0 0
1.8077 0.115007 0 0
57.0601 -94.8872 0 0
-26.4707 -53.6902 0 0
734.703 -17621.9 0 0
-9.13575 4.47941 0 0
3.12643 6.74724 0 0
0.0706739 -0.321342 0 0
1.44073 -85.5578 0 0
-4.5761 -6.27358 0 0
-385.402 -387.53 0 0
5.97123 -4.55224 0 0
1.01759 3.04642 0 0
221.463 203.362 0 0
6.254 1.37854 0 0
0.70858 -0.547843 0 0
-5.64444 -1.4029 0 0
-75.0613 9.11266 0 0
61.1411 -518.177 0 0
-0.479253 -0.452579 0 0
44.4787 41.5989 0 0
13.4414 -93.6487 0 0
-10.7935 16.6396 0 0
192.027 367.516 0 0
0.872681 3.50878 0 0
-30.3736 -6.58754 0 0
124.816 -33.0426 0 0
18.1136 2.68711 0 0
-162.088 -112.46 0 0
-32.1085 -571.906 0 0
0.208604 -0.42927 0 0
-159.63 -106.711 0 0
-6.15998 12.0308 0 0
-148.558 3911.65 0 0
-4.74438 -9.36039 0 0
97.7733 -0.840437 0 0
177.345 92.458 0 0
13.0315 -46.9866 0 0
14.8256 78.3371 0 0
23.712 -2.08161 0 0
-1.36254 -1.3544 0 0
5.45775 13.8288 0 0
6.63441 -858.769 0 0
-51.2702 96.9407 0 0
481.163 17756.8 0 0
41.0913 -0.267867 0 0
125.817 -1609.62 0 0
94.7061 27.3811 0 0
-157.094 -41.6832 0 0
-3.55918 78.0602 0 0
-0.473444 2.83813 0 0
93.5241 17.2166 0 0
0.910218 4.87758 0 0
1.30249 -1.00602 0 0
-82.2012 5.83892 0 0
-11.4184 -17.4339 0 0
2.6524 -75.651 0 0
4.95344 18.5935 0 0
-54.3916 -86.7024 0 0
-1.85573 -5.9126 0 0
-10.6002 -10.9323 0 0
493.8 292.973 0 0
2.86638 18.0291 0 0
401.509 755.746 0 0
1.08225 12.3143 0 0
3.29712 -8.26195 0 0
11.0674 -0.0159058 0 0
12.1995 -171.556 0 0
-16.1266 55.8059 0 0
-72.5008 -423.714 0 0
-1.26898 6.24348 0 0
-44.9064 -19.8632 0 0
-44.7641 3.45595 0 0
70.6979 -38.5435 0 0
-1.87026 67.8705 0 0
0.96123 2.24866 0 0
279.41 29.8136 0 0
-87.7806 -64.146 0 0
-6.15913 4.49949 0 0
16.7975 19.2708 0 0
10.1754 -1.80202 0 0
1.81251 3.36531 0 0
0.15286 0.495162 0 0
2.52485 -5.49178 0 0
-1.74829 1.89086 0 0
-293.732 -305.678 0 0
-71.6908 9.13567 0 0
8.22545 110.738 0 0
19.6714 -69.1968 0 0
-37.5522 -22.9987 0 0
4.74123 -12.0166 0 0
1.61444 -15.0282 0 0
82.0527 -72.4653 0 0
17.5789 -492.166 0 0
-32.6257 -111.383 0 0
34.7972 22.9156 0 0
-157.349 -176.12 0 0
-4.97418 -21.6405 0 0
-9.97002 23.4555 0 0
-0.394791 -0.0527606 0 0
22.0992 3.83616 0 0
22.9644 3.71212 0 0
3.73597 1.64892 0 0
-42.8224 9.65629 0 0
135.839 -27.6626 0 0
-87.1771 1108.25 0 0
74.7002 -1764.01 0 0
-66.3871 -38.5565 0 0
-316.769 244.074 0 0
103.598 82.9197 0 0
4.46596 -39.5908 0 0
-9.93244 -8.08447 0 0
52.1095 9.6665 0 0
-6.23692 -4.20832 0 0
-11.0655 1.43077 0 0
12.6648 1.07791 0 0
-7.97525 -7.21104 0 0
-5.20284 1.85309 0 0
2.49862 0.0605751 0 0
27.8048 17.7621 0 0
87.3365 1.13033 0 0
3.13113 50.905 0 0
6.43595 -5.07531 0 0
-394.572 419.874 0 0
116.778 32.8309 0 0
-2.91013 -0.0160734 0 0
9.23613 -7.27949 0 0
48.0973 642.361 0 0
4.22438 33.0852 0 0
-255.778 -431.036 0 0
45.8121 -73.29 0 0
0.782804 -0.721479 0 0
46.2388 122.588 0 0
-0.224738 -1.60861 0 0
112.559 450.008 0 0
-95.1622 -235.45 0 0
-37.6139 1.13269 0 0
-21.5041 1.31808 0 0
-210.191 -448.779 0 0
9.85057 3.63273 0 0
-190.44 -9.07295 0 0
-85.9296 131.511 0 0
117.425 60.453 0 0
20.1566 9.56144 0 0
-74.2268 -17.2158 0 0
-61.2055 -33.3944 0 0
-1.94801 8.99837 0 0
-121.262 17.5325 0 0
-63.6528 11.2247 0 0
1.7667 -7.18549 0 0
1.65163 -0.280338 0 0
129.209 4.90137 0 0
-92.6044 -127.672 0 0
-49.305 59.2464 0 0
0.915683 -10.5508 0 0
364.837 28.6294 0 0
16.4973 23.1928 0 0
113.485 515.351 0 0
5.19837 -1.83211 0 0
148.925 -192.301 0 0
0.145723 3.14265 0 0
-2.10665 20.6859 0 0
52.9431 24.8088 0 0
0.0122368 1.63181 0 0
67.7056 16.3446 0 0
13.7313 3.64384 0 0
-1.96421 1.13245 0 0
0.560354 -0.00706579 0 0
28.8347 -91.5956 0 0
-10.6166 -93.7645 0 0
-307.535 225.739 0 0
-8.13688 3.97964 0 0
-6.9453 0.892367 0 0
-4.61989 0.999216 0 0
-1.27157 -21.3529 0 0
-51.0843 -10.1525 0 0
-3.98036 32.9888 0 0
61.365 -1.24287 0 0
1.10875 0.423194 0 0
-19.912 47.1143 0 0
-338.606 843.672 0 0
-7.89086 6.51484 0 0
-1.91291 8.11172 0 0
-8.70297 57.2286 0 0
-92.8392 -135.703 0 0
-19.895 116.24 0 0
-289.582 -780.555 0 0
-86.7709 -341.887 0 0
-0.362606 11.5665 0 0
1.98484 -8.28549 0 0
271.695 63.8084 0 0
-11.0339 -27.2063 0 0
1.24522 2.36485 0 0
5.2968 13.5131 0 0
-47.898 -19.504 0 0
-121.084 -6279.86 0 0
-150.471 97.9129 0 0
207.931 348.093 0 0
-0.867574 -1.78425 0 0
2.94517 -0.144864 0 0
-20.969 -3.20255 0 0
988.717 385.567 0 0
-44.2061 0.604831 0 0
0.515188 1.36706 0 0
-29.7869 -11.1786 0 0
-10.3879 -45.9141 0 0
21.5099 -133.862 0 0
-41.8413 -115.464 0 0
-45.0001 22.2244 0 0
-0.0910074 -0.546696 0 0
1.23883 -0.0366847 0 0
-76.8682 93.651 0 0
15.465 -19.5139 0 0
2.28674 -4.67717 0 0
-31.2354 -16.7071 0 0
15.6853 17.9549 0 0
1.02469 77.0295 0 0
-237.784 -4303.28 0 0
-2.15878 7.97059 0 0
53.6261 102.536 0 0
-0.121595 0.0637624 0 0
-0.117812 8.17128 0 0
247.492 -81.0561 0 0
1.47964 -0.352231 0 0
1.86658 -0.492342 0 0
-29.3977 1.94012 0 0
40.6706 -16.0696 0 0
0.351635 -2.88352 0 0
-156.757 87.7318 0 0
440.376 683.341 0 0
-3.12103 -2.78134 0 0
70.3618 -62.2832 0 0
-24.0434 33.947 0 0
-53.247 80.5986 0 0
2.71357 -3.73024 0 0
-3.96161 -12.2778 0 0
10.2138 -17.3385 0 0
6.55413 2.34084 0 0
0.806431 0.798788 0 0
-73.2797 -42.5087 0 0
-452.392 -110.39 0 0
10.9995 25.8335 0 0
10.2593 -36.3126 0 0
-83.3004 -38.9017 0 0
97.6675 35.0667 0 0
-30.238 15.8461 0 0
15.9908 -6.2463 0 0
-280.829 29.294 0 0
-40.5367 -75.0567 0 0
45.7251 142.738 0 0
-46.7067 -2.61465 0 0
-112.547 -288.371 0 0
15.8452 -0.785409 0 0
0.401256 0.0950606 0 0
-14.5109 -6.4764 0 0
-7.84275 -7.26423 0 0
-71.0969 -951.497 0 0
72.7936 -272.756 0 0
64.0079 -63.8102 0 0
6.42576 2.89474 0 0
-1.33231 3.99373 0 0
-15.5286 -0.223749 0 0
-23.9733 -38.9374 0 0
-27.3303 68.7659 0 0
-56.8011 -49.6384 0 0
159.13 121.219 0 0
6.38671 1.73622 0 0
19.1419 4.95108 0 0
42.8867 306.852 0 0
17.4111 19.0178 0 0
1.04485 1.52916 0 0
1.16149 -15.2673 0 0
-1372.06 -4297.82 0 0
295.187 -65.1349 0 0
1117.64 3627.7 0 0
18.1426 4.44586 0 0
0.191775 0.00900921 0 0
4.13126 4.02951 0 0
-8.41683 -25.2995 0 0
-8.15735 -13.4032 0 0
-22.411 0.43887 0 0
22.0986 7.10611 0 0
0.195355 -2.85608 0 0
8.22565 -44.1356 0 0
2.83155 0.904928 0 0
-0.308635 -0.0954743 0 0
33.9373 39.6929 0 0
91.6506 65.6794 0 0
6.17794 2.34987 0 0
-0.037687 -0.0955942 0 0
5.67397 2.81724 0 0
0.0867226 -2.94058 0 0
-5.6346 2.06301 0 0
-0.84816 -2.56568 0 0
-154.781 -0.0519546 0 0
-54.233 42.6784 0 0
74.516 28.0129 0 0
6.88211 -10.1395 0 0
6.08606 -0.431198 0 0
-106.406 -9575.29 0 0
7.09338 21.9214 0 0
63.7069 8.56193 0 0
-1.91051 26.8868 0 0
9.96335 6.66808 0 0
-616.554 -257.852 0 0
-194.381 -915.796 0 0
-86.8013 -1.76987 0 0
0.62487 -7.34353 0 0
-1.17013 2.62497 0 0
-8.37524 -1.07027 0 0
28.1011 143.592 0 0
141.315 213.944 0 0
-49.8798 11.3846 0 0
9.96443 4.82281 0 0
-0.377092 0.920107 0 0
32.6824 33.0695 0 0
-1.29575 -0.0514243 0 0
3.52302 2.07782 0 0
-9.98653 6.84381 0 0
51.3118 -100.182 0 0
0.774731 -1.7057 0 0
-388.377 111.009 0 0
-182.007 -213.805 0 0
-65.0174 -6.93546 0 0
-4.0947 12.4699 0 0
-1.73781 1.80869 0 0
2.381 1.08882 0 0
0.942888 -0.330951 0 0
-52.1615 -863.609 0 0
-47.2482 -57.7738 0 0
-4.11675 -4.2613 0 0
-19.5033 -61.9282 0 0
1.68042 -9.75159 0 0
18.8448 176.654 0 0
-22.5978 190.948 0 0
15.4794 12.4689 0 0
361.519 256.741 0 0
-6.82668 -3.26337 0 0
-2.41718 3.07762 0 0
-0.720329 -8.30213 0 0
19.0035 1.21437 0 0
12.1278 7.80081 0 0
13.8326 27.849 0 0
15.1188 -2.41469 0 0
-2.53148 -1.25395 0 0
-62.7881 -40.0886 0 0
-560.304 -2457.65 0 0
-688.877 -54.8951 0 0
105.373 -39.6798 0 0
-20.0927 1.69936 0 0
78.5936 -43.8906 0 0
97.1587 118.52 0 0
66.5368 5225.26 0 0
187.226 557.103 0 0
-22.2114 -108.455 0 0
-15.7424 -50.6761 0 0
108.727 38.7468 0 0
54.5281 -883.499 0 0
-61.236 -20.7143 0 0
-71.7477 -51.1135 0 0
-11.9617 0.0972488 0 0
1.48384 -5.4323 0 0
-101.146 -125.571 0 0
-68.9741 -23.3447 0 0
220.036 36.3849 0 0
20.2257 26.4893 0 0
-75.3891 -34.2669 0 0
-5.16448 29.5322 0 0
-130.669 -388.135 0 0
9.97612 -13.4973 0 0
33.6881 -46.8721 0 0
-25.6911 -0.95065 0 0
-71.6333 23.8329 0 0
15.9724 0.445594 0 0
27.0509 65.5509 0 0
43.199 -47.2302 0 0
-213.666 -228.702 0 0
-171.213 18.7794 0 0
41.3645 902.979 0 0
-22.0853 -335.209 0 0
-41.3644 10.7907 0 0
17.3801 -28.2693 0 0
-49.6242 -127.741 0 0
-53.3036 60.4727 0 0
28.3964 72.6981 0 0
-63.6547 -11.3509 0 0
15.1788 -13.398 0 0
288.865 110.822 0 0
-234.033 -347.852 0 0
35.6093 0.733484 0 0
-118.859 -48.4102 0 0
-24.0679 -26.7365 0 0
-344.077 -2995.16 0 0
1.62311 -0.105973 0 0
-0.227767 -0.519448 0 0
-14.6523 30.1945 0 0
-558.067 -513.356 0 0
-2.13455 11.5964 0 0
-15.9239 -13.4486 0 0
-303.087 -1751.29 0 0
0.00230953 -0.00544484 0 0
-2.89604 -3.39712 0 0
-3.36091 2.85161 0 0
42.3576 8.60166 0 0
46.966 14.8318 0 0
-0.0111748 9.93582e-05 0 0
1.88039 1.14393 0 0
-4.49353 3.23062 0 0
-7.45165 -66.3119 0 0
-6.27828 -10.0184 0 0
27.3657 0.976129 0 0
16.3494 -25.4935 0 0
35.2512 4966.14 0 0
-24.5916 -32.6152 0 0
-115.289 126.821 0 0
-32.947 64.5107 0 0
-1.23881 -102.356 0 0
-370.896 601.835 0 0
2.45607 -49.3732 0 0
-66.3434 -0.782495 0 0
31.7899 22.7117 0 0
8.4136 -6.71772 0 0
-13.351 -4.72384 0 0
-57.7843 -119.495 0 0
-68.4191 -6.85183 0 0
0.735184 -7.03367 0 0
-2.41938 -5.07798 0 0
-39.5147 -191.192 0 0
-13.8131 34.0816 0 0
5.19902 -0.751393 0 0
-18.9274 -171.868 0 0
19.2661 -112.852 0 0
-35.6467 -39.8333 0 0
34.2079 53.4806 0 0
13.8456 -194.514 0 0
-13.3993 72.8416 0 0
24.8827 221.966 0 0
0.342877 -13.1079 0 0
-2.19948 -18.3983 0 0
33.0853 61.6676 0 0
45.1767 171.138 0 0
-38.1157 14.9491 0 0
-58.8754 -1.14794 0 0
-31.3702 -124.858 0 0
-28.3615 5.19927 0 0
-10.5527 33.4278 0 0
90.4274 220.083 0 0
-110.912 -418.908 0 0
11.5796 -130.476 0 0
60.1215 -181.156 0 0
178.003 -464.823 0 0
-5.61341 63.147 0 0
6.11496 -0.66327 0 0
-1.70312 -18.688 0 0
-34.9465 -10.3751 0 0
-137.537 724.458 0 0
0.375746 0.0663395 0 0
1.49086 -5.60369 0 0
-80.7489 -117.418 0 0
17.9521 -9.67869 0 0
3.70926 8.51008 0 0
18.3109 2.42322 0 0
-0.545677 2.46663 0 0
-118.727 -27.305 0 0
15.4416 10.8028 0 0
47.9636 1.79196 0 0
25.8953 3.62389 0 0
0.114289 0.00538127 0 0
10.5952 -114.671 0 0
1.84237 1.12954 0 0
-17.4336 1.18475 0 0
1.95094 0.778992 0 0
-6.38512 -2.77808 0 0
-169.977 54.664 0 0
74.2551 164.514 0 0
-16.3474 13.9024 0 0
-4.44772 0.0563857 0 0
-16.6772 -23.6454 0 0
1.72869 -18.638 0 0
57.2082 5.26496 0 0
-260.371 -107.318 0 0
118.492 6.13669 0 0
-51.1149 -11.1043 0 0
-39.562 -104.356 0 0
-46.2027 -15.2746 0 0
0.146293 -0.0964562 0 0
-67.3368 234.784 0 0
-19.2016 -45.1771 0 0
38.8864 148.203 0 0
99.6792 -89.0869 0 0
64.0143 22.3131 0 0
-3.7957 2.23579 0 0
13.214 -3.94112 0 0
23.0994 176.72 0 0
0.0427542 0.0668413 0 0
2.77003 -0.418467 0 0
-8.16888 -0.187825 0 0
33.7142 184.204 0 0
-7.84362 15.9368 0 0
-33.691 16.7627 0 0
-122.826 321.175 0 0
-2.76278 -0.966614 0 0
-47.783 -20.9336 0 0
-4.04269 -0.266394 0 0
38.3807 788.848 0 0
-25.982 111.933 0 0
9.68243 -2.04629 0 0
-8.15641 2.82787 0 0
-186.454 -302.731 0 0
0.0944415 0.251765 0 0
-13.7952 -0.361981 0 0
7.21126 -49.0198 0 0
-7.27009 -0.347924 0 0
5.28178 -2.15093 0 0
23.7131 10.3073 0 0
1.06664 11.3757 0 0
2.00663 5.95242 0 0
-35.1506 -30.5083 0 0
-27.7651 -101.182 0 0
9.00345 189.738 0 0
-8.53277 -13.4055 0 0
58.5503 -60.1385 0 0
-31.7008 -23.2967 0 0
53.3317 -16.1123 0 0
-2.31087 3.2065 0 0
-0.0066855 0.208489 0 0
26.7947 89.9575 0 0
8.60659 -6.01752 0 0
-0.0210056 -4.61306 0 0
-11.9563 -23.5754 0 0
2.89671 3.18713 0 0
-32.6 -0.447681 0 0
15.4396 358.316 0 0
6.6817 -2.37312 0 0
-4.55022 -6.55627 0 0
-44.0345 -61.7119 0 0
-213.355 202.485 0 0
0.462482 434.223 0 0
-1.28579 -2.17947 0 0
-21.0794 -25.1213 0 0
-17.621 -12.2678 0 0
-0.30143 -0.151936 0 0
90.9701 -82.5596 0 0
0.5006 -1.86984 0 0
-14.0923 47.1765 0 0
1.38588 2.4645 0 0
57.9034 36.8082 0 0
-12.5433 -476.025 0 0
-81.0742 -142.284 0 0
0.522193 0.00530068 0 0
-93.2356 -44.9896 0 0
57.2959 -48.0326 0 0
-26.6067 -25.1318 0 0
-55.668 24.0769 0 0
36.8864 1002.91 0 0
30.2857 14.9894 0 0
37.1009 -31.1871 0 0
-0.0770684 -1.07645 0 0
304.879 34.1677 0 0
105.824 -141.339 0 0
5.06452 -9.90014 0 0
-3.66251 -17.419 0 0
-1.03866 -9.61046 0 0
8.32789 -38.8852 0 0
167.556 427.636 0 0
-66.743 6.84455 0 0
143.373 33.6113 0 0
-11.7056 -106.144 0 0
72.2425 1999.43 0 0
38.8104 -6.72868 0 0
-12.3174 -8.18619 0 0
198.33 128.516 0 0
17.9517 -34.2159 0 0
-108.715 146.698 0 0
0.255948 -0.986349 0 0
52.0904 35.4001 0 0
4.98672 30.2705 0 0
67.6832 43.9528 0 0
0.26096 0.830644 0 0
44.8835 700.481 0 0
-25.6078 -5.66814 0 0
42.2147 -16.321 0 0
-52.6435 -56.2817 0 0
-110.678 -26.6262 0 0
-6.89481 37.938 0 0
6.37578 -61.9516 0 0
35.4831 24.4694 0 0
3.59368 -6.51747 0 0
-7.02377 9.87198 0 0
6.21952 -12.1289 0 0
-34.1789 6.83946 0 0
133.191 434.112 0 0
-9.96159 -0.0133768 0 0
-308.313 -1141.14 0 0
-8.22265 0.680771 0 0
-93.1253 -37.3222 0 0
0.747685 -1.60101 0 0
18.351 73.6411 0 0
-174.094 -70.7246 0 0
-15.1389 -55.9638 0 0
229.405 -120.591 0 0
-0.903851 -13.9621 0 0
177.335 -91.4413 0 0
0.0299058 0.0546705 0 0
514.694 1209.45 0 0
82.6201 3.03963 0 0
243.102 333.536 0 0
-1.10175 -0.846347 0 0
24.5546 0.037082 0 0
65.4409 50.8248 0 0
-8.31964 19.1711 0 0
52.2028 20.6569 0 0
-8.04511 -4.08907 0 0
-0.0468192 -0.0101357 0 0
-1.89117 39.962 0 0
-235.438 117.43 0 0
34.145 121.533 0 0
0.921489 -0.757275 0 0
-12.4696 42.442 0 0
-144.623 -146.291 0 0
-88.8828 61.6878 0 0
19.7591 35.5042 0 0
28.057 187.429 0 0
-0.284316 -1.8833 0 0
8.68581 -5.28243 0 0
185.69 -20.8689 0 0
-14.5411 -3.54217 0 0
2.43446 -0.64033 0 0
-34.5005 -55.0278 0 0
99.2524 9.69389 0 0
4.2541 2.68217 0 0
-45.3909 -51.6176 0 0
62.0862 -535.738 0 0
0.724975 -0.189291 0 0
-5.63733 -3.45648 0 0
-0.0460223 0.873563 0 0
17.1301 16.1671 0 0
0.977625 0.495022 0 0
-10.0443 -4.67156 0 0
49.378 -16.8394 0 0
-0.23541 0.543915 0 0
-244.584 -160.62 0 0
2.34089 -288.028 0 0
-95.5989 -275.813 0 0
-0.295469 -0.068429 0 0
-652.438 121.203 0 0
-91.7205 -1257.61 0 0
-2.06715 16.1064 0 0
-4.91171 33.1272 0 0
34.7864 89.2819 0 0
17.3618 -71.8576 0 0
-17.1839 0.448536 0 0
-61.0217 -45.4565 0 0
-35.3665 91.9401 0 0
0.474369 0.489857 0 0
95.8987 -27.464 0 0
-343.951 8.2451 0 0
-4.63936 -3.49688 0 0
33.9222 -28.0991 0 0
-9.70986 -4.65496 0 0
405.712 582.829 0 0
-61.1432 65.2155 0 0
40.3359 93.6397 0 0
-195.99 -723.723 0 0
11.1518 7.89354 0 0
-0.436451 -0.288279 0 0
-0.225111 -0.135931 0 0
-1.74047 -3.46184 0 0
40.4036 43.559 0 0
8.2749 16.3583 0 0
-8.94866 -15.7958 0 0
27.3291 96.9905 0 0
-2.56486 1.79395 0 0
23.0585 96.7301 0 0
53.0881 101.382 0 0
-4.10325 5.90108 0 0
-1.00461 0.240299 0 0
-58.3064 -4.94221 0 0
-24.5196 73.8389 0 0
-5.4583 -248.083 0 0
-32.5334 -65.7386 0 0
33.6927 -9.4705 0 0
-2.42751 -7.23566 0 0
-0.228371 -0.768672 0 0
39.3364 51.6614 0 0
0.0279425 -5.38285 0 0
13.3459 203.964 0 0
0.413808 -73.4988 0 0
-12.9096 -68.8996 0 0
4.93877 -2.40893 0 0
-1.60561 20.3968 0 0
-0.483525 -1.57322 0 0
331.971 -785.754 0 0
