# MASS DIFF FIT. combinatorics = 0 (true/false = 1/0)
# Event file name = ../events/herwigpp-9563-events-complete-momcons-20150314_only_OFL-5percent_WEBBERmomentum_smearing.dat, SIMPLEX tolerance = 1e-12
1	525.056	153.807	115.447	71.2006	 0	 3.9417e+09	0.6	 0
2	560.144	176.874	140.374	93.8838	 0	 1922.56	0.64	 1
3	629.205	341.473	299.945	261.44	 0	 569324	0.68	 2
4	533.161	139.967	101.425	56.6614	 0	 11280.5	0.8	 3
5	541.374	176.019	136.537	94.7309	 0	 4113.47	0.8	 4
6	533.737	160.788	120.962	79.287	 0	 1805.29	0.72	 5
7	509.872	136.428	99.1696	51.6168	 0	 209174	0.8	 6
8	600.491	219.357	179.459	138.752	 0	 1285.02	0.6	 7
9	542.537	155.685	115.652	74.1266	 0	 2062.57	0.76	 8
10	615.188	205.813	166.935	124.741	 0	 4183.31	0.72	 9
11	640.128	228.903	189.762	148.141	 0	 21053.5	0.84	 10
12	556.255	161.08	124.483	77.5014	 0	 6.27366e+06	0.76	 11
13	613.804	204.706	168.138	122.474	 0	 1.19786e+06	0.88	 12
14	575.563	168.206	128.766	86.7222	 0	 144837	0.84	 13
15	516.42	136.885	100.307	51.3751	 0	 696852	0.72	 14
16	553.855	124.591	89.2449	34.9353	 0	 2.11999e+06	0.64	 15
17	574.334	174.885	137.093	92.6952	 0	 47468.9	0.6	 16
18	583.661	194.262	154.269	113.454	 0	 443399	0.72	 17
19	538.556	142.304	100.747	60.9808	 0	 74348.9	0.52	 18
20	596.536	193.371	157.26	110.591	 0	 117350	0.68	 19
21	650.132	268.475	227.366	188.319	 0	 8.95133e+06	0.8	 20
22	795.467	335.977	297.232	255.539	 0	 4.08292e+09	0.72	 21
23	544.05	166.734	127.678	85.0198	 0	 35632.6	0.76	 22
24	529.865	132.163	90.1244	50.591	 0	 99821.7	0.72	 23
25	646.856	208.794	169.548	127.891	 0	 117290	0.72	 25
26	557.436	146.604	107.912	63.8523	 0	 3665.33	0.72	 26
27	533.477	178.382	142.513	94.9587	 0	 29656.3	0.76	 27
28	956.784	576.333	535.902	496.304	 0	 1.62346e+09	0.8	 28
29	590.927	208.836	171.014	127.347	 0	 3786.81	0.68	 29
30	576.158	191.331	150.561	110.727	 0	 825.341	0.6	 30
31	540.611	165.518	126.851	83.5564	 0	 1.62213e+06	0.72	 31
32	566.78	180.755	141.284	99.554	 0	 3412.57	0.8	 32
33	517.001	117.415	74.012	35.4728	 0	 26240.8	0.72	 33
34	628.1	193.009	153.029	112.181	 0	 385609	0.76	 34
35	566.156	199.114	160.073	118.021	 0	 223898	0.68	 35
36	543.742	167.695	127.52	86.525	 0	 582.633	0.6	 36
37	587.753	208.31	168.635	127.546	 0	 65551.3	0.68	 37
38	520.223	186.373	149.667	103.815	 0	 10098.2	0.8	 38
39	580.8	197.822	158.054	116.979	 0	 130044	0.64	 39
40	504.734	161.307	123.206	78.8521	 0	 3525.82	0.52	 40
41	504.911	116.534	72.0073	35.1037	 0	 1753.9	0.68	 41
42	572.344	164.666	125.892	82.7379	 0	 1384.79	0.68	 42
43	552.232	166.095	124.645	85.3547	 0	 71496.2	0.56	 43
44	581.53	189.97	153.183	107.557	 0	 790.399	0.56	 44
45	665.181	280.322	238.233	200.281	 0	 5.43722e+10	0.64	 45
46	549.38	170.278	132.016	88.2318	 0	 18005.9	0.76	 46
47	497.472	102.46	57.7417	18.8552	 0	 1.35157e+08	0.56	 47
48	552.514	161.328	123.856	78.4411	 0	 72842.9	0.68	 48
49	571.991	194.358	156.409	112.701	 0	 3567.94	0.76	 49
50	614.59	320.984	283.394	240.183	 0	 45954.1	0.56	 50
51	537.485	240.064	202.306	158.888	 0	 59725	0.64	 51
52	568.473	176.766	137.611	95.3474	 0	 766315	0.8	 52
53	543.222	163.701	123.763	82.3317	 0	 84576	0.56	 53
54	570.907	177.804	134.701	97.5877	 0	 1932.74	0.76	 54
55	520.806	148.485	113.089	62.8379	 0	 89720.4	0.76	 55
56	532.825	137.915	95.1836	56.909	 0	 4308.71	0.6	 56
57	638.732	227.876	189.216	146.944	 0	 107953	0.64	 57
58	574.952	167.417	124.79	87.0128	 0	 21064	0.64	 58
59	509.134	128.377	89.471	44.2753	 0	 5276.21	0.6	 59
60	696.749	309.29	268.891	229.111	 0	 150861	0.64	 60
61	530.17	145.102	106.621	62.1047	 0	 11483.2	0.72	 61
62	532.209	191.729	149.105	111.527	 0	 3254.02	0.72	 62
63	529.735	148.281	106.488	67.2581	 0	 915.861	0.6	 64
64	569.546	203.946	165.454	122.693	 0	 582314	0.72	 65
65	548.017	159.508	117.46	78.834	 0	 7563.61	0.6	 66
66	560.093	176.533	138.529	94.5136	 0	 1049.46	0.68	 67
67	545.83	166.577	124.982	85.8899	 0	 6121.78	0.8	 68
68	569.67	160.351	117.946	79.7933	 0	 7910.86	0.84	 69
69	542.502	155.357	119.172	71.0794	 0	 14397.4	0.72	 70
70	490.708	139.849	100.059	57.4409	 0	 17261.1	0.64	 71
71	648.412	275.718	234.214	195.622	 0	 1.33207e+07	0.72	 72
72	545.976	160.673	123.438	77.5806	 0	 1166.4	0.68	 73
73	514.156	153.965	116.57	70.6557	 0	 115666	0.84	 74
74	564.038	170.787	131.716	89.1894	 0	 255194	0.72	 75
75	556.977	155.2	116.421	72.9284	 0	 1412.11	0.64	 76
76	559.992	170.14	133.713	86.8396	 0	 1298.28	0.76	 77
77	750.413	286.148	247.708	205.482	 0	 107286	0.64	 78
78	591.612	181.345	141.1	100.45	 0	 357869	0.56	 79
79	593.95	177.025	135.1	96.5681	 0	 378816	0.76	 80
80	654.419	228.18	191.137	146.562	 0	 140848	0.64	 81
81	535.463	151.475	114.247	67.8819	 0	 1138.21	0.6	 82
82	524.803	160.594	116.265	80.4272	 0	 7906.82	0.72	 83
83	560.753	196.703	155.626	116.229	 0	 603791	0.64	 84
84	659.009	225.326	187.498	144.041	 0	 17432.8	0.64	 85
85	602.629	257.326	219.89	176.154	 0	 15820.2	0.68	 86
86	517.313	112.019	72.0509	25.9847	 0	 5839.97	0.76	 87
87	551.001	169.985	131.187	88.2254	 0	 738.351	0.72	 89
88	556.793	166.6	124.814	85.9699	 0	 21750.8	0.88	 90
89	558.036	164.706	126.606	82.3796	 0	 491.35	0.56	 91
90	578.564	173.041	133.696	91.6284	 0	 58328.1	0.64	 92
91	563.028	209.035	168.864	128.427	 0	 1.63902e+07	0.56	 93
92	538.77	175.459	136.207	94.0562	 0	 209510	0.72	 94
93	593.449	208.406	168.618	127.678	 0	 2156.52	0.68	 95
94	573.693	186.101	147.292	104.707	 0	 9394.79	0.6	 96
95	504.645	109.982	68.5691	25.1447	 0	 4288.99	0.64	 97
96	563.859	144.702	107.471	60.6362	 0	 31330.9	0.76	 98
97	591.212	207.923	169.387	126.74	 0	 1.83658e+06	0.56	 99
