# MASS DIFF FIT. combinatorics = 0 (true/false = 1/0)
# Event file name = ../events/herwigpp-9563-events-complete-momcons-20150314_only_OFL.dat, SIMPLEX tolerance = 1e-12
1	528.666	150.087	111.592	67.3875	 0	 8.38668e+08	0.6	 0
2	567.547	188.541	151.747	106.097	 0	 2647.07	0.64	 1
3	600.228	267.225	225.866	187.098	 0	 125413	0.68	 2
4	540.149	155.201	116.203	73.063	 0	 9529.23	0.8	 3
5	545.207	182.069	143.155	100.648	 0	 2573.8	0.8	 4
6	536.282	168.448	128.913	87.0139	 0	 638.52	0.72	 5
7	528.877	166.558	128.885	84.0217	 0	 84439.4	0.8	 6
8	576.162	197.286	157.316	116.505	 0	 1149.93	0.64	 7
9	562.452	174.67	135.362	93.2767	 0	 1516.48	0.8	 8
10	576.095	185.342	145.883	104.215	 0	 2178.39	0.72	 9
11	598.813	197.31	158.07	116.27	 0	 27058.4	0.84	 10
12	619.707	219.781	182.282	138.284	 0	 236032	0.76	 11
13	548.47	199.977	163.334	117.698	 0	 3.36102e+06	0.88	 12
14	571.517	157.792	118.552	75.8922	 0	 378543	0.88	 13
15	540.084	156.111	119.603	72.1776	 0	 620409	0.72	 14
16	556.47	133.303	97.3944	46.4463	 0	 977466	0.68	 15
17	592.725	195.783	157.599	114.267	 0	 48083.7	0.6	 16
18	580.649	197.357	157.525	116.53	 0	 385495	0.76	 17
19	557.507	165.686	123.91	85.0387	 0	 24790.2	0.52	 18
20	537.474	144.021	109.212	57.1623	 0	 42656.9	0.68	 19
21	632.573	260.286	219.135	180.118	 0	 1.333e+07	0.76	 20
22	690.498	243.287	205.271	162.24	 0	 4.6081e+09	0.68	 21
23	550.657	156.798	117.935	74.6428	 0	 40783.9	0.76	 22
24	524.349	132.446	90.6386	50.7734	 0	 59705.5	0.72	 23
25	550.653	102.788	61.0033	15.5383	 0	 112267	0.68	 24
26	573.808	189.539	152.066	107.531	 0	 654.449	0.68	 25
27	558.297	157.92	119.465	75.5569	 0	 2229.2	0.72	 26
28	520.275	158.221	122.725	73.4544	 0	 9134.87	0.76	 27
29	722.29	347.896	308.136	267.677	 0	 2.24395e+07	0.8	 28
30	586.908	204.188	166.495	122.569	 0	 3107.15	0.68	 29
31	584.47	187.699	147.626	106.835	 0	 719.614	0.6	 30
32	556.621	175.831	137.206	94.1322	 0	 758114	0.72	 31
33	546.648	158.225	119.2	76.2189	 0	 3874.18	0.8	 32
34	548.785	140.635	98.3705	59.5473	 0	 19432.3	0.72	 33
35	608.393	201.94	162.166	121.145	 0	 446232	0.76	 34
36	560.673	191.968	152.86	110.802	 0	 108329	0.68	 35
37	541.697	162.679	124.021	80.619	 0	 502.473	0.64	 36
38	610.929	218.161	179.129	137.275	 0	 32223.4	0.72	 37
39	542.259	186.572	149.856	104.026	 0	 6724.57	0.84	 38
40	589.614	199.476	160.038	118.537	 0	 52232.2	0.64	 39
41	541.368	175.148	135.508	93.9096	 0	 611.818	0.48	 40
42	530.836	137.155	92.9399	56.6032	 0	 1253.06	0.68	 41
43	556.127	164.452	125.475	82.6285	 0	 1730.45	0.64	 42
44	546.045	164.145	122.676	83.3763	 0	 49028	0.56	 43
45	573.707	180.772	143	98.7299	 0	 512.367	0.56	 44
46	614.033	211.284	168.9	131.137	 0	 2.12941e+10	0.64	 45
47	565.674	187.339	148.564	105.953	 0	 62077.9	0.76	 46
48	511.034	111.76	66.7494	30.1088	 0	 5.98431e+07	0.56	 47
49	567.113	183.636	146.442	101.32	 0	 143275	0.72	 48
50	622.278	174.054	136.354	91.7842	 0	 59162.5	0.76	 49
51	616.578	262.836	225.78	181.543	 0	 5500.86	0.52	 50
52	501.517	151.346	114.806	67.1311	 0	 6316.2	0.64	 51
53	573.218	191.63	152.213	110.582	 0	 1.25069e+06	0.76	 52
54	554.878	146.427	106.491	64.4568	 0	 56913.2	0.6	 53
55	610.742	208.24	165.725	128.098	 0	 11328.3	0.76	 54
56	547.009	161.569	125.276	77.7545	 0	 9813.73	0.76	 55
57	570.971	174.613	132.105	94.2609	 0	 7404.08	0.64	 56
58	636.901	219.36	180.786	138.317	 0	 162347	0.6	 57
59	598.939	185.592	143.376	105.277	 0	 12619	0.64	 58
60	526.392	134.825	97.2402	50.1741	 0	 3947.37	0.64	 59
61	656.457	266.559	226.304	186.261	 0	 163116	0.6	 60
62	535.586	152.598	113.935	70.1362	 0	 8462.15	0.72	 61
63	523.383	187.725	145.257	107.472	 0	 3314.29	0.72	 62
64	513.778	133.39	98.6612	44.762	 0	 1880.65	0.68	 63
65	520.998	137.986	95.6187	56.8391	 0	 670.895	0.6	 64
66	603.117	229.4	190.75	148.476	 0	 514828	0.72	 65
67	569.794	174.703	133.173	94.1158	 0	 6099.71	0.6	 66
68	534.895	160.731	123.011	77.9955	 0	 828.613	0.68	 67
69	556.219	165.884	124.984	84.9549	 0	 3903.36	0.8	 68
70	575.141	164.143	121.726	83.646	 0	 8751.53	0.84	 69
71	568.249	189.485	152.604	107.119	 0	 14219.8	0.72	 70
72	489.867	126.068	87.0329	41.7964	 0	 6620.35	0.68	 71
73	622.876	227.603	185.347	147.491	 0	 1.20493e+06	0.72	 72
74	547.852	167.396	130.328	84.4697	 0	 1913.7	0.68	 73
75	523.722	151.835	114.731	68.159	 0	 89324.8	0.88	 74
76	533.963	162.795	123.083	81.2972	 0	 104256	0.72	 75
77	565.24	159.634	120.936	77.4873	 0	 1032.34	0.64	 76
78	564.965	173.089	136.416	90.0922	 0	 1251.04	0.76	 77
79	573.471	171.138	135.288	87.4059	 0	 4044.25	0.64	 78
80	592.84	190.41	150.365	109.572	 0	 265925	0.56	 79
81	599.094	177.053	135.736	96.4372	 0	 88274.6	0.76	 80
82	608.572	207.443	170.732	125.346	 0	 95003.7	0.68	 81
83	545.866	156.455	119.21	73.1618	 0	 810.627	0.6	 82
84	481.99	132.163	86.9743	51.7266	 0	 4731.87	0.72	 83
85	484.273	149.79	108.416	68.6468	 0	 596028	0.64	 84
86	604.296	183.155	145.791	100.931	 0	 3532.55	0.64	 85
87	591.92	222.843	185.608	141.256	 0	 5503.64	0.68	 86
88	533.46	131.755	90.8389	49.5292	 0	 1774.07	0.76	 87
89	504.297	122.211	87.3084	30.8442	 0	 19165.8	0.8	 88
90	545.532	164.86	125.958	83.0079	 0	 439.667	0.72	 89
91	538.813	138.321	95.5582	57.3415	 0	 39712	0.84	 90
92	566.509	164.761	127.075	82.1657	 0	 430.505	0.6	 91
93	577.167	188.814	149.162	107.815	 0	 39127.2	0.64	 92
94	575.282	189.483	149.542	108.596	 0	 1.03816e+07	0.6	 93
95	542.871	176.964	137.235	95.7991	 0	 171959	0.72	 94
96	594.901	214.987	175.166	134.326	 0	 2028.56	0.68	 95
97	490.861	106.662	68.836	13.042	 0	 1701.25	0.64	 96
98	510.498	117.214	76.0492	33.6285	 0	 3562.97	0.64	 97
99	590.053	174.15	136.456	91.8791	 0	 32329.4	0.72	 98
100	573.612	186.352	148.154	104.668	 0	 240647	0.52	 99
