# MASS DIFF FIT. combinatorics = 0 (true/false = 1/0)
# Event file name = ../events/herwigpp-9563-events-complete-momcons-20150314_only_OFL.dat, SIMPLEX tolerance = 1e-12
1	578.325	140.965	98.6851	59.8954	 0	 8.84066	1	 1
2	532.624	165.98	126.692	84.3619	 0	 71.0559	1	 2
3	619.365	138.966	100.564	55.4673	 0	 8.38558e+08	1	 3
4	603.894	200.078	155.548	120.07	 0	 55.5904	1	 4
5	529.356	126.871	92.6629	35.6209	 0	 25.7948	1	 6
6	551.64	168.348	130.759	85.8207	 0	 43.433	1	 7
7	429.826	181.772	144.814	99.2534	 0	 18.666	1	 8
8	497.992	156.86	114.606	76.1972	 0	 247.919	1	 9
9	531.635	161.057	125.691	76.3418	 0	 213.154	1	 10
10	593.252	253.582	213.131	173.28	 0	 933.667	1	 11
11	593.977	220.237	183.255	138.488	 0	 265.062	1	 13
12	653.252	231.704	194.154	150.363	 0	 480.106	1	 14
13	498.636	116.532	81.4962	22.6945	 0	 10.4205	1	 15
14	525.143	135.011	95.1489	52.3249	 0	 10.9776	1	 16
15	511.318	163.756	125.915	81.2255	 0	 28.4093	1	 17
16	453.818	118.534	67.8326	38.5329	 0	 5.29189	1	 18
17	562.546	176.725	139.143	94.4608	 0	 32.5567	1	 19
18	1420.4	973.882	934.613	893.816	 0	 14141.9	1	 20
19	534.501	124.842	79.04	44.3364	 0	 0.209656	1	 21
20	549.849	178.078	141.476	95.2009	 0	 825.432	1	 22
21	539.739	141.532	98.6246	60.7096	 0	 21.8652	1	 23
22	539.449	145.125	110.377	58.3146	 0	 17.6339	1	 24
23	570.229	151.318	108.66	70.6635	 0	 9.66843	1	 25
24	463.46	140.958	100.194	59.1867	 0	 5.28115	1	 26
25	503.528	157.463	121.037	73.5373	 0	 16.6894	1	 27
26	574.234	151.793	111.933	70.0082	 0	 18.6489	1	 30
27	514.837	140.453	103.403	55.8401	 0	 430.979	1	 31
28	502.04	110.555	75.9282	7.15338	 0	 2.15878	1	 32
29	501.551	128.154	90.0417	43.2203	 0	 15.7713	1	 33
30	542.472	184.329	144.371	103.377	 0	 125.757	1	 34
31	523.861	271.872	229.739	191.825	 0	 113.165	1	 35
32	551.239	343.584	303.527	263.404	 0	 44.2503	1	 36
33	528.824	151.053	109.974	69.8257	 0	 15.8836	1	 37
34	581.263	203.618	163.198	123.033	 0	 29.6207	1	 39
35	509.468	163.255	119.315	83.0536	 0	 32.956	1	 40
36	575.003	206.469	168.321	125.098	 0	 1701.6	1	 41
37	457.979	131.083	93.5701	45.8952	 0	 9.72557	1	 42
38	550.721	168.735	127.035	88.1119	 0	 23.3966	1	 44
39	559.145	152.298	110.938	71.2228	 0	 26.2327	1	 45
40	545.732	149.232	104.666	68.9839	 0	 74.1859	1	 46
41	543.345	161.419	125.669	77.1024	 0	 18.5978	1	 47
42	545.362	158.019	118.42	76.3185	 0	 40.8734	1	 48
43	532.177	133.367	94.735	49.564	 0	 50.8059	1	 49
44	540.993	149.615	113.792	64.5451	 0	 11.3831	1	 50
45	519.686	137.854	101.211	52.5324	 0	 74.5378	1	 51
46	538.769	157.976	122.065	73.6048	 0	 125.905	1	 52
47	547.695	160.974	118.909	80.3311	 0	 14.495	1	 53
48	552.635	174.333	136.974	91.8548	 0	 187.371	1	 54
49	475.282	154.826	118.115	70.9929	 0	 1927.2	1	 56
50	477.618	123.377	75.1586	43.2701	 0	 1.68787	1	 57
51	503.905	307.381	267.06	227.188	 0	 12.1872	1	 58
52	465.828	103.959	62.7219	16.4618	 0	 2.59503	1	 59
53	524.155	123.196	82.8428	39.7519	 0	 3.40072	1	 60
54	508.657	129.71	93.8727	42.114	 0	 8.68096	1	 61
55	497.801	109.727	68.7772	24.2624	 0	 2.62317	1	 62
56	526.618	148.94	113.412	63.4882	 0	 15.0263	1	 63
57	536.788	132.926	94.4241	48.9592	 0	 18.4904	1	 64
58	498.277	146.691	107.185	64.4799	 0	 54.0138	1	 65
59	551.286	129.819	88.3301	47.8022	 0	 5.9375	1	 66
60	434.498	116.171	82.7325	16.0747	 0	 5.94465	1	 67
61	479.075	164.614	122.069	84.1544	 0	 13.7606	1	 68
62	508.699	233.78	194.164	153.192	 0	 26.3704	1	 69
63	520.211	171.371	134.437	88.4995	 0	 26.4399	1	 70
64	508.926	138.434	93.8554	58.005	 0	 7.12803	1	 72
65	473.386	113.428	72.4088	29.0017	 0	 7.65616	1	 74
66	591.099	199.496	159.202	118.837	 0	 113.758	1	 75
67	543.823	161.737	123.935	79.1002	 0	 12.9961	1	 76
68	471.563	110.917	65.8099	29.2208	 0	 2.0153	1	 77
69	518.993	88.1101	32.3441	7.02904	 0	 17.138	1	 78
70	498.483	104.097	65.444	10.0065	 0	 346.359	1	 79
71	538.634	176.655	139.142	94.3455	 0	 251.809	1	 80
72	517.034	158.862	121.815	75.5366	 0	 79.9282	1	 81
73	503.717	121.818	78.5541	40.1881	 0	 3.18981	1	 82
74	539.657	150.938	110.05	69.6248	 0	 11.0307	1	 83
75	560.527	156.424	118.463	73.664	 0	 19.3792	1	 85
76	489.431	121.883	86.6064	31.2049	 0	 8.98831	1	 87
77	522.922	137.106	100.073	52.1312	 0	 10.2416	1	 89
78	538.568	193.048	152.918	112.27	 0	 41.4627	1	 90
79	510.445	122.21	76.4525	41.5907	 0	 3.36235	1	 91
80	528.603	165.234	129.762	80.8689	 0	 22.212	1	 92
81	480.426	114.17	80.1409	14.3589	 0	 9.9349	1	 93
82	515.51	134.426	91.2677	53.449	 0	 19.4675	1	 95
83	575.298	167.902	125.145	87.5318	 0	 68.5046	1	 96
84	468.967	108.007	70.17	15.7949	 0	 2.99066	1	 97
85	568.403	171.006	129.054	90.4843	 0	 9.01158	1	 98
86	500.28	194.325	152.054	114.081	 0	 3.82197	1	 99
87	427.688	133.958	94.4182	50.9557	 0	 24.0853	1	 100
88	535.628	140.112	105.514	52.4281	 0	 10.3683	1	 101
89	553.202	226.709	184.11	146.63	 0	 51.5357	1	 102
90	522.344	123.662	78.5436	42.9116	 0	 5.81877	1	 103
91	514.462	118.356	74.8447	36.5648	 0	 20.7552	1	 106
92	547.091	154.342	116.598	71.3226	 0	 21.9099	1	 107
93	550.155	157.695	113.95	77.404	 0	 9.72971	1	 108
94	589.231	194.061	156.292	112.307	 0	 120.657	1	 109
95	482.916	155.304	115.591	73.5699	 0	 8.56944	1	 110
96	526.285	139.144	103.438	52.8557	 0	 67.3202	1	 113
97	454.605	124.732	89.5931	34.723	 0	 94.1497	1	 115
98	443.468	111.103	69.665	26.5835	 0	 5.40569	1	 116
99	543.719	124.008	85.9651	38.3292	 0	 6.5418	1	 117
100	578.218	165.97	127.163	84.0997	 0	 118.059	1	 119
101	580.126	172.956	133.687	91.5053	 0	 28.7827	1	 120
102	569.954	167.36	126.988	86.261	 0	 21.0845	1	 121
103	687.182	262.877	222.602	182.572	 0	 366.882	1	 122
104	499.456	154.81	117.576	71.4177	 0	 12.0369	1	 123
105	508.065	121.021	80.9298	37.0461	 0	 8.61264	1	 125
106	496.693	245.323	205.777	164.781	 0	 17.4879	1	 126
107	489.683	126.305	81.1508	45.6748	 0	 6.75748	1	 127
108	516.485	131.639	95.1858	45.2477	 0	 5.79684	1	 128
109	505.806	159.579	120.016	77.9114	 0	 17.6615	1	 129
110	546.405	155.5	113.367	74.7733	 0	 17.3026	1	 130
111	548.803	193.062	155.613	111.114	 0	 52.5971	1	 131
112	669.058	238.475	197.962	158.127	 0	 82.7635	1	 132
113	497.441	119.287	85.2966	24.0711	 0	 13.6219	1	 133
114	539.796	172.895	135.779	90.2063	 0	 42.5901	1	 134
115	597.924	211.73	171.765	131.085	 0	 18.5253	1	 135
116	506.118	134.925	100.671	45.7967	 0	 11.563	1	 136
117	553.201	189.386	153.264	106.506	 0	 1738.89	1	 137
118	524.776	130.922	83.0367	50.8718	 0	 3.29724	1	 138
119	508.969	195.691	152.478	115.584	 0	 57.4066	1	 139
120	544.273	107.416	70.9818	8.79762	 0	 7.64638	1	 140
121	498.693	146.64	107.515	64.1847	 0	 34.3296	1	 141
122	667.921	246.264	207.988	165.336	 0	 60929.8	1	 142
123	542.424	175.844	138.641	93.3099	 0	 25.5191	1	 143
124	515.802	118.166	83.2677	24.9206	 0	 5.88636	1	 144
125	572.383	285.834	247.724	205.066	 0	 43.3	1	 145
126	525.714	135.334	92.583	54.2353	 0	 6.65711	1	 146
127	596.501	197.597	152.705	117.595	 0	 49.1585	1	 147
128	467.776	111.408	65.6966	30.0669	 0	 2.04526	1	 148
129	538.175	163.637	119.988	83.3919	 0	 11.6308	1	 149
130	1834.24	1240.83	1201.43	1160.79	 0	 254986	1	 150
131	545.515	166.515	131.069	82.1948	 0	 90.0202	1	 151
132	578.794	160.168	123.166	76.8709	 0	 24.4209	1	 152
133	585.614	168.089	126.996	87.2679	 0	 456.502	1	 153
134	589.693	152.318	110.438	71.436	 0	 123.971	1	 154
135	479.538	162.556	119.809	82.117	 0	 3.96176	1	 155
136	445.228	106.943	68.7156	14.8802	 0	 0.928896	1	 156
137	617.115	178.2	138.929	96.8628	 0	 123.804	1	 157
138	540.485	138.313	97.583	56.3866	 0	 14.6055	1	 158
139	528.752	117.229	65.0223	37.2026	 0	 1.33425	1	 159
140	511.879	119.712	84.7646	27.3883	 0	 27.9576	1	 160
141	546.886	189.7	152.444	107.569	 0	 70330.2	1	 161
142	611.319	164.062	124.705	82.4253	 0	 75.2217	1	 162
143	568.275	202.654	163.63	121.6	 0	 176.492	1	 163
144	502.385	104.12	61.4912	18.7999	 0	 2.14805	1	 164
145	545.471	153.591	115.627	70.6946	 0	 428.44	1	 165
146	425.498	152.617	109.163	72.1945	 0	 5.71829	1	 166
147	777.707	368.755	329.599	288.461	 0	 2184.87	1	 167
148	557.935	128.751	83.7442	48.1663	 0	 0.729531	1	 168
149	452.83	160.193	120.771	78.4715	 0	 77.4986	1	 169
150	530.488	161.546	122.236	79.809	 0	 16.8908	1	 170
151	577.483	168.567	130.602	86.2872	 0	 83.893	1	 171
152	572.591	211.827	172.618	130.941	 0	 258.228	1	 172
153	538.283	111.661	72.5507	24.244	 0	 5.35327	1	 173
154	484.591	124.668	88.4762	36.5156	 0	 10.8493	1	 174
155	562.742	169.934	130.164	88.6408	 0	 40.6653	1	 176
156	566.005	191.011	152.419	109.606	 0	 30.1866	1	 177
157	554.827	188.403	152.384	105.422	 0	 77.7395	1	 178
158	531.551	132.676	89.9949	51.4296	 0	 4.03947	1	 179
159	645.757	159.854	123.276	76.1947	 0	 601534	1	 180
160	449.742	110.954	75.4823	13.5531	 0	 6.4758	1	 181
161	508.024	149.687	113.317	65.1859	 0	 100.474	1	 183
162	518.234	135.025	93.6507	53.27	 0	 7.27996	1	 184
163	562.827	178.548	140.867	96.3942	 0	 225.2	1	 185
164	452.273	140.525	98.0189	59.5267	 0	 22.5305	1	 186
165	560.147	180.67	144.408	97.6312	 0	 38.2073	1	 188
166	693.532	332.665	294.631	252.034	 0	 93460.8	1	 189
167	468.273	120.14	79.7021	36.3533	 0	 17.3535	1	 190
168	497.549	133.788	97.6381	47.331	 0	 14.1316	1	 191
169	535.009	132.737	93.1102	49.698	 0	 7.52351	1	 192
170	534.689	115.184	66.134	35.0191	 0	 119.089	1	 194
171	531.026	152.982	113.884	70.8113	 0	 10.6212	1	 195
172	456.001	150.89	114.047	66.9233	 0	 31.8699	1	 196
173	548.649	170.778	134.384	87.4771	 0	 32.1371	1	 197
174	606.814	182.567	142.381	101.67	 0	 91.2258	1	 198
175	500.796	95.8203	49.8494	10.4905	 0	 285.003	1	 199
176	489.606	104.026	63.9967	14.0868	 0	 2.62714	1	 200
177	525.903	108.706	66.2005	24.6947	 0	 2.60557	1	 201
178	561.73	124.887	81.7259	43.4238	 0	 4.52641	1	 202
179	505.013	111.473	75.8458	15.3583	 0	 32.0077	1	 203
180	586.536	176.709	138.892	94.5854	 0	 42.9339	1	 205
181	500.655	156.913	120.507	72.9368	 0	 19.9297	1	 206
182	540.491	135.236	91.3829	54.525	 0	 13.3365	1	 207
183	599.602	184.272	148.231	101.183	 0	 5.11694	1	 208
184	639.109	243.23	204.491	162.439	 0	 4683.29	1	 209
185	530.018	145.985	105.268	64.4118	 0	 8.33495	1	 210
186	526.489	156.586	119.213	73.4	 0	 22.8344	1	 212
187	546.39	135.383	88.6478	55.2712	 0	 4.19654	1	 213
188	870.432	657.252	618.408	577.092	 0	 138.33	1	 214
189	502.479	126.348	76.5068	46.3482	 0	 2.22711	1	 215
190	540.391	169.685	130.338	88.1935	 0	 43.9552	1	 216
191	499.034	128.835	91.9434	42.5554	 0	 4.0517	1	 218
192	556.149	183.436	146.204	101.139	 0	 110.598	1	 219
193	614.055	192.445	152.692	111.531	 0	 695.494	1	 220
194	480.769	120.33	72.2544	40.148	 0	 1.09627	1	 221
195	572.443	171.127	133.958	88.4127	 0	 31.8885	1	 222
196	631.195	277.717	237.886	197.369	 0	 370968	1	 223
197	502.618	106.332	66.5394	17.559	 0	 2.29844	1	 224
198	552.344	152.168	114.627	68.8725	 0	 23.1414	1	 225
199	576.661	169.623	129.603	88.4302	 0	 24.3529	1	 226
200	537	128.82	85.7948	47.5289	 0	 3.70554	1	 227
201	496.614	128.555	91.7016	42.1785	 0	 152.587	1	 228
202	542.758	166.242	128.611	83.6652	 0	 25.4337	1	 229
203	560.869	151.935	108.425	71.5151	 0	 110.335	1	 230
204	473.929	129.459	93.5254	41.9563	 0	 6.10485	1	 231
205	487.818	129.734	87.7279	48.0002	 0	 3.56644	1	 232
206	572.518	160.892	117.867	80.4935	 0	 14.93	1	 233
207	509.13	143.959	102.322	62.7322	 0	 12.3495	1	 234
208	543.311	167.304	129.599	84.8155	 0	 112.771	1	 235
209	489.063	140.434	104.232	54.902	 0	 15.7047	1	 237
210	531.098	133.039	95.3881	48.2487	 0	 24.3478	1	 238
211	587.648	160.095	119.716	78.8272	 0	 20.6987	1	 239
212	566.181	180.173	143.544	97.3826	 0	 67.7265	1	 240
213	523.128	172.484	131.822	91.5922	 0	 5.65427	1	 241
214	544.205	142.786	108.021	55.7118	 0	 28096.9	1	 242
215	525.358	167.318	130.851	83.9286	 0	 57.8266	1	 243
216	551.678	163.6	126.23	80.739	 0	 42.3243	1	 244
217	519.713	140.745	97.6811	59.9514	 0	 2.30218	1	 245
218	598.414	252.945	215.222	171.856	 0	 202.456	1	 247
219	541.311	151.091	108.882	70.2909	 0	 81.7684	1	 248
220	524.294	132.629	92.1117	50.2123	 0	 3.67295	1	 249
221	1016.4	594.887	554.304	514.868	 0	 53696.6	1	 250
222	544.457	193.582	155.906	111.768	 0	 27.7205	1	 251
223	552.782	150.302	107.421	69.6901	 0	 6.2794	1	 252
224	520.976	107.065	62.1705	24.6852	 0	 1.98004	1	 253
225	497.748	119.301	74.3697	38.2505	 0	 2.58432	1	 254
226	448.253	104.633	59.9628	21.5816	 0	 0.238178	1	 255
227	660.933	240.472	200.667	159.971	 0	 1122.01	1	 256
228	619.14	230.32	189.304	150.035	 0	 72.1409	1	 257
229	539.1	140.012	93.6476	59.9081	 0	 9.6308	1	 258
230	550.429	159.834	121.048	77.748	 0	 26.0938	1	 259
231	421.426	147.95	108.93	65.4937	 0	 15.07	1	 260
232	476.737	174.779	136.196	93.0327	 0	 56.1106	1	 261
233	562.514	156.711	118.275	74.285	 0	 21.9075	1	 263
234	375.39	108.072	65.6583	23.8052	 0	 40.1102	1	 264
235	504.326	143.882	106.483	59.9046	 0	 11.0166	1	 265
236	467.727	143.775	107.05	59.1411	 0	 12.7209	1	 266
237	488.446	158.057	121.877	73.9436	 0	 8.84659	1	 269
238	531.981	164.262	123.787	83.1365	 0	 20.5796	1	 270
239	503.3	157.201	114.478	76.6753	 0	 26.3226	1	 272
240	425.408	103.869	61.2348	18.4504	 0	 1.24486	1	 273
241	538.281	159.332	123.868	74.6065	 0	 173.599	1	 274
242	568.41	164.755	126.692	82.4064	 0	 21.8856	1	 275
243	545.967	230.436	191.303	149.684	 0	 266.872	1	 276
244	484.422	135.044	96.2526	51.5382	 0	 6.13843	1	 277
245	506.111	133.127	96.6068	47.049	 0	 230.704	1	 279
246	495.978	128.725	82.9202	48.3375	 0	 17.3269	1	 280
247	507.226	125.295	81.8886	43.9718	 0	 5.18156	1	 281
248	447.864	111.906	70.5142	27.5277	 0	 7.98585	1	 282
249	474.055	163.269	122.435	82.2618	 0	 10.4526	1	 284
250	604.366	186.697	142.589	106.642	 0	 527.809	1	 285
251	573.869	168.556	126.204	88.1012	 0	 23.5724	1	 286
252	523.382	115.649	81.47	18.2316	 0	 10.8119	1	 287
253	520.726	159.308	116.423	78.8557	 0	 30.2485	1	 288
254	628.235	219.335	179.561	138.695	 0	 110.084	1	 289
255	950.699	467.032	425.438	387.03	 0	 3054.93	1	 290
256	634.562	167.432	124.119	87.1654	 0	 3032.09	1	 291
257	506.408	153.248	112.524	71.9352	 0	 13.3704	1	 292
258	420.089	131.378	92.8549	47.264	 0	 28.7052	1	 293
259	568.958	184.053	131.039	102.919	 0	 29.6643	1	 294
260	497.822	104.752	66.1822	11.319	 0	 6.60844	1	 295
261	484.291	153.557	111.216	72.854	 0	 6.85851	1	 296
262	509.699	111.876	66.7482	30.2986	 0	 2.45097	1	 297
263	607.756	273.471	233.687	193.1	 0	 258.046	1	 298
264	535.207	155.4	115.872	73.5714	 0	 148.455	1	 299
