# Events minimized by cpp, combinatorics = 1 (true/false = 1/0)
# Event file name = ../events/herwigpp-9563-events-complete-momcons-20150314_only_OFL.dat, SIMPLEX tolerance = 1e-12
1	0	0	0	0	 0	 1e+20	0.32
2	0	0	0	0	 0	 1e+20	0.2
3	558.881	151.62	112.445	60.29	 0	 35.1577	0.44
4	544.058	160.738	119.617	60.6425	 0	 14.4773	0.4
5	563.621	176.988	140.604	92.0528	 0	 3.20403	0.72
6	549.543	169.673	132.774	82.8978	 0	 7.22235	0.8
7	559.224	164.028	93.0571	-9.1392e-06	 0	 912.387	0.04
8	574.011	197.697	160.694	116.257	 0	 22.4403	0.52
9	0	0	0	0	 0	 1e+20	0.4
10	588.203	184.933	146.544	96.6105	 0	 23.9704	0.56
11	572.907	181.148	144.683	95.7222	 0	 7.12572	0.6
12	600.459	190.745	127.886	76.2386	 0	 271.893	0.16
13	0	0	0	0	 0	 1e+20	0.2
14	0	0	0	0	 0	 1e+20	0.2
15	569.757	178.841	141.005	93.5505	 0	 106.996	0.44
16	590.374	193.897	156.619	107.083	 0	 62.5625	0.48
17	455.211	159.298	75.1269	0.000158808	 0	 7128.6	0.08
18	0	0	0	0	 0	 1e+20	0.24
19	0	0	0	0	 0	 1e+20	0.12
20	0	0	0	0	 0	 1e+20	0.52
21	740.611	272.135	152.175	-0.000330597	 0	 25570.2	0.24
22	610.677	175.253	109.674	-0.000477961	 0	 1154.91	0.16
23	0	0	0	0	 0	 1e+20	0.28
24	0	0	0	0	 0	 1e+20	0.12
25	0	0	0	0	 0	 1e+20	0.52
26	571.121	184.203	148.937	100.717	 0	 7.42957	0.72
27	768.767	330.41	293.604	234.237	 0	 1844.49	0.2
28	561.544	176.645	135.579	76.2479	 0	 46.9773	0.44
29	0	0	0	0	 0	 1e+20	0.24
30	572.185	184.616	148.789	100.705	 0	 5.69619	0.68
31	0	0	0	0	 0	 1e+20	0.12
32	0	0	0	0	 0	 1e+20	0.12
33	0	0	0	0	 0	 1e+20	0.04
34	489.562	184.633	102.154	0.000169231	 0	 3875.23	0.12
35	508.056	153.722	75.14	-0.000177455	 0	 12079.4	0.12
36	0	0	0	0	 0	 1e+20	0.08
37	0	0	0	0	 0	 1e+20	0.28
38	0	0	0	0	 0	 1e+20	0.52
39	0	0	0	0	 0	 1e+20	0.28
40	485.021	172.299	102.609	0.000220263	 0	 10658.6	0.08
41	0	0	0	0	 0	 1e+20	0.2
42	563.172	177.693	140.981	93.4416	 0	 2.26803	0.72
43	0	0	0	0	 0	 1e+20	0.08
44	0	0	0	0	 0	 1e+20	0.08
45	0	0	0	0	 0	 1e+20	0.32
46	0	0	0	0	 0	 1e+20	0.12
47	0	0	0	0	 0	 1e+20	0.76
48	0	0	0	0	 0	 1e+20	0.08
49	0	0	0	0	 0	 1e+20	0.28
50	0	0	0	0	 0	 1e+20	0.08
51	0	0	0	0	 0	 1e+20	0.12
52	0	0	0	0	 0	 1e+20	0.2
53	0	0	0	0	 0	 1e+20	0.36
54	0	0	0	0	 0	 1e+20	0.2
55	570.687	190.874	153.005	89.8137	 0	 56.3916	0.36
56	562.371	177.27	139.717	92.5743	 0	 6.16618	0.56
57	0	0	0	0	 0	 1e+20	0.52
58	0	0	0	0	 0	 1e+20	0.36
59	633.874	177.434	131.644	70.1453	 0	 197.253	0.16
60	611.723	214.621	179.207	133.567	 0	 64.7974	0.36
61	0	0	0	0	 0	 1e+20	0
62	586.344	156.422	101.206	0.000102186	 0	 461.31	0.2
63	598.742	195.96	161.882	69.4594	 0	 505.501	0.32
64	0	0	0	0	 0	 1e+20	0.56
65	593.581	145.936	116.543	6.57093e-05	 0	 263.743	0.2
66	556.573	163.669	125.661	72.6742	 0	 8.19155	0.76
67	542.506	163.53	126.316	71.2263	 0	 26.4852	0.44
68	0	0	0	0	 0	 1e+20	0.2
69	0	0	0	0	 0	 1e+20	0.24
70	595.183	195.075	156.207	109.729	 0	 91.0351	0.48
71	576.446	186.647	150.358	103.043	 0	 7.46782	0.8
72	552.208	171.352	135.081	85.8821	 0	 3.21218	0.72
73	0	0	0	0	 0	 1e+20	0.08
74	543.491	184.505	136.517	-4.28584e-05	 0	 667.131	0.24
75	526.047	138.67	91.2852	-0.000164311	 0	 83.1435	0.4
76	477.01	156.442	89.9715	-8.42671e-06	 0	 447.515	0.04
77	574.201	182.435	145.988	99.5906	 0	 3.59846	0.68
78	797.867	357.067	295.649	201.583	 0	 15860.9	0.28
79	0	0	0	0	 0	 1e+20	0.32
80	580.284	185.589	106.759	-4.9582e-05	 0	 1721.51	0.12
81	0	0	0	0	 0	 1e+20	0.4
82	600.013	184.806	143.469	88.3372	 0	 240.942	0.2
83	563.245	178.123	142.721	95.1936	 0	 5.91474	0.64
84	0	0	0	0	 0	 1e+20	0.2
85	582.878	213.812	150.176	81.5635	 0	 1557.49	0.16
86	563.333	174.832	137.726	87.4711	 0	 6.1489	0.64
87	0	0	0	0	 0	 1e+20	0.2
88	577.88	187.628	150.819	103.308	 0	 7.63945	0.72
89	510.83	128.845	86.5839	4.08937e-05	 0	 180.783	0.28
90	0	0	0	0	 0	 1e+20	0.24
91	0	0	0	0	 0	 1e+20	0.12
92	568.381	183.607	147.792	101.139	 0	 8.23488	0.6
93	574.859	172.482	124.79	74.998	 0	 100.783	0.2
94	0	0	0	0	 0	 1e+20	0.28
95	315.408	127.808	0.000484678	-0.506243	 0	 18792.7	0.12
96	573.759	184.909	147.371	99.6286	 0	 8.97717	0.56
97	437.446	115.711	2.88686e-05	2.35052	 0	 4265.53	0.16
98	0	0	0	0	 0	 1e+20	0.48
99	574.001	178.928	141.256	93.0366	 0	 5.24164	0.6
100	0	0	0	0	 0	 1e+20	0.08
