# Events minimized by cpp, combinatorics = 1 (true/false = 1/0)
# Event file name = ../events/HERWIG-events.dat, SIMPLEX tolerance = 0.1
1	557.215	182.259	145.504	95.6935	 0	 63.1171	0.64
2	552.839	177.551	143.789	103.123	 0	 228.142	0.56
3	545.212	182.506	148.612	99.4029	 0	 76.099	0.48
4	570.059	182.567	148.022	94.2035	 0	 117.273	0.4
5	562.184	182.09	146.106	100.743	 0	 14.7012	0.76
6	552.659	177.513	143.811	101.283	 0	 80.4824	0.84
7	567.074	180.614	144.416	96.2128	 0	 26.6379	0.68
8	572.641	182.15	145.296	97.3658	 0	 8.34588	0.72
9	569.523	181.922	145.395	97.5212	 0	 5.38179	0.76
10	568	180	144	97	 0	 10.4415	0.68
11	550.435	178.233	144.005	103.583	 0	 60.6312	0.32
12	547.383	185.161	152.794	97.7133	 0	 256.855	0.36
13	561.344	180.844	145.687	106.624	 0	 293.987	0.52
14	564.285	180.068	144.327	98.6081	 0	 10.7875	0.64
15	560.773	180.125	144.372	98.1859	 0	 9.62365	0.72
16	569.392	181.194	144.804	99.3509	 0	 14.6841	0.52
17	565.323	179.978	144.37	98.219	 0	 6.01756	0.68
18	562.67	181.715	145.707	96.1054	 0	 107.272	0.44
19	566.803	180.463	143.882	97.6794	 0	 23.5566	0.72
20	571.971	180.684	144.492	97.0332	 0	 61.5185	0.68
21	572.54	182.2	148.307	92.7541	 0	 96.7622	0.48
22	558.66	181.026	144.675	97.9148	 0	 15.6487	0.4
23	546.931	176.455	146.978	99.067	 0	 118.451	0.36
24	570.199	180.682	144.217	96.2695	 0	 8.92999	0.68
25	525.241	171.395	146.255	106.858	 0	 259.125	0.44
26	569.746	184.756	147.794	98.8572	 0	 21.7517	0.56
27	574.554	183.469	147.256	103.876	 0	 8.65006	0.68
28	557.884	176.577	142.29	97.6264	 0	 8.47525	0.76
29	539.6	193.5	133.2	104.275	 0	 2618.32	0.08
30	561.227	181.232	145.518	99.9676	 0	 16.4415	0.76
31	566.343	180.953	143.739	99.2963	 0	 3.84069	0.68
32	571.223	181.974	145.386	97.1281	 0	 12.3224	0.76
33	568.829	180.192	144.137	97.2465	 0	 5.80471	0.76
34	564.76	189.248	141.376	100.591	 0	 460.212	0.32
35	569.627	184.848	145.243	96.7076	 0	 51.2719	0.6
36	568.04	179.441	143.793	99.78	 0	 20.8199	0.64
37	569.641	194.618	142.194	101.695	 0	 1034.12	0.04
38	566.918	180.96	144.239	97.4055	 0	 13.5384	0.52
39	562.052	180.086	145.442	98.0998	 0	 16.9042	0.52
40	574.298	179.907	143.808	102.794	 0	 20.3633	0.36
41	573.483	182.615	146.423	95.7474	 0	 11.5342	0.68
42	565.168	180.868	144.623	99.2232	 0	 25.7335	0.76
43	567.983	180.402	144.288	96.1687	 0	 17.833	0.8
44	563.709	180.764	145.277	98.3131	 0	 56.6093	0.64
45	569.27	181.157	145.042	99.915	 0	 6.77895	0.64
46	566.006	180.052	144.004	97.5048	 0	 12.1691	0.72
47	557.785	177.435	146.847	107.245	 0	 64.3672	0.44
48	571.972	178.969	146.576	97.5128	 0	 184.989	0.32
49	569.656	182.39	145.359	99.9307	 0	 13.2313	0.52
50	560.875	181.303	145.507	99.7123	 0	 10.0533	0.76
51	565.359	179.968	144.011	96.7	 0	 7.05654	0.76
52	565.089	182.393	145.628	98.3039	 0	 43.8653	0.72
53	560.869	184.585	144.754	103.108	 0	 114.883	0.36
54	590.467	176.12	144.502	101.396	 0	 336.375	0.44
55	570.245	180.064	143.704	96.2073	 0	 14.1059	0.76
56	570.894	181.084	145.086	97.1778	 0	 6.67114	0.76
57	569.641	180.018	143.652	95.4558	 0	 17.1252	0.6
58	577.305	182.676	144.602	98.7569	 0	 65.6999	0.56
59	581.333	183.798	143.83	93.3049	 0	 29.1041	0.44
60	567.055	181.512	145.431	96.6943	 0	 17.1365	0.68
61	569.846	181.841	145.491	95.7683	 0	 6.81573	0.6
62	567.641	180.469	144.214	96.9017	 0	 26.0149	0.84
63	575.256	182.936	146.355	107.787	 0	 208.99	0.36
64	573.852	180.123	144.866	97.2976	 0	 13.3977	0.68
65	561.142	180.895	146.745	101.573	 0	 71.0358	0.64
66	566.86	179.062	144.269	98.8527	 0	 29.3993	0.8
67	528.594	180.833	151.245	109.466	 0	 581.448	0.28
68	561.513	180.737	145.529	97.2336	 0	 382.821	0.6
69	568	198	144	97	 0	 973.653	0.2
70	498.744	173.589	146.669	102.608	 0	 396.316	0.2
71	597.622	179.952	143.951	97.0205	 0	 2472.2	0.32
72	559.593	181.835	143.247	102.327	 0	 88.8485	0.44
73	568	180	144	105.488	 0	 408.45	0.36
74	537.714	187.646	148.852	100.363	 0	 1239.67	0.52
75	564.167	179.059	144.819	98.2125	 0	 123.426	0.56
76	572.16	179.175	145.505	98.7853	 0	 153.656	0.56
77	565.252	181.592	146.294	98.4673	 0	 16.6742	0.76
78	563.321	178.908	144.701	102.046	 0	 149.906	0.36
79	566.919	180.144	145.979	96.9609	 0	 28.4309	0.72
80	568.115	179.895	143.944	96.0816	 0	 29.9111	0.6
81	567.773	179.665	143.929	98.0429	 0	 8.47619	0.72
82	564.289	178.35	143.209	99.892	 0	 21.2266	0.52
83	568.499	180.159	144.075	96.634	 0	 24.9135	0.68
84	560.965	177.912	149.022	96.9643	 0	 1155.16	0.28
85	571.602	181.723	145.596	97.1081	 0	 10.8159	0.68
86	565.569	183.332	145.163	95.236	 0	 29.7054	0.56
87	561.987	180.971	144.171	97.0477	 0	 32.9235	0.84
88	568.054	179.745	143.906	97.1036	 0	 66.6245	0.68
89	563.216	180.864	145.711	97.6302	 0	 4.54101	0.84
90	571.05	180.083	143.938	97.3064	 0	 4.96078	0.72
91	569.304	181.518	144.132	96.5314	 0	 48.1348	0.64
92	567.87	181.804	145.432	101.825	 0	 45.0506	0.48
93	561.178	181.697	146.001	95.5661	 0	 375.555	0.56
94	568.687	181.029	145.76	98.0127	 0	 35.8596	0.64
95	565.954	180.424	145.034	96.4578	 0	 19.3935	0.6
96	563.457	180.477	144.399	99.2154	 0	 18.2756	0.76
97	567.668	182.386	145.822	99.0086	 0	 12.6254	0.68
98	549.599	179.102	145.421	100.304	 0	 67.852	0.48
99	580.479	179.196	148.1	100.164	 0	 968.256	0.48
100	566.902	181.607	145.05	99.6952	 0	 264.409	0.48
