=== Chain event number 1, total event number 6 ===
1000004	130194	-161001	-619790	866602	569199	
4	265013	15538.1	-478541	547530	17708	
11	-2772.3	-56778.4	-31218.8	64854.4	0.511021	
-11	-78430.5	-22243.3	-40659.2	91100.3	0.511122	
1000022	-53617.1	-97517.7	-69370.3	163117	97007.2	
-1000004	-151015	152281	593442	852774	573633	
-4	-101321	328334	257088	429542	18529.8	
13	5331.9	-48321.3	113920	123859	105.658	
-13	7347.33	-25932.3	-2278.32	27049.4	105.658	
1000022	-62373.8	-101799	224713	272323	97007.2	
=== Chain event number 2, total event number 9 ===
1000002	327230	143732	-823683	1.0593e+06	562069	
2	-130056	-28575.3	-252111	285982	22239.5	
-11	166004	56886.6	-183657	254014	0.511018	
11	143445	78715.5	-203268	260941	0.51042	
1000022	147499	36490.2	-184395	257875	97007.2	
-1000004	-300173	-122036	-996335	1.19238e+06	569299	
-4	143726	-87106.3	-330266	371147	20726.1	
13	-148085	-28408.8	-191949	244092	105.658	
-13	-120424	28840.1	-151186	195425	105.659	
1000022	-175360	-35367.7	-322898	381675	97007.2	
=== Chain event number 4, total event number 12 ===
1000004	-397817	-55372.2	1.13918e+06	1.33339e+06	564683	
4	-452545	-153252	788967	923827	51987.2	
-13	16951.2	50899	63533.1	83153.6	105.658	
13	-14275.9	-21917.3	45512.3	52493.3	105.659	
1000022	52053.3	68898.7	241167	273913	97007.2	
1000002	476309	37854.3	487559	886409	565424	
2	420056	59545.2	538368	689591	75514.9	
-13	4985.25	27313.1	-17354.1	32741.9	105.658	
13	-24.7371	-24618.4	26919	36478.9	105.658	
1000022	51292.3	-24385.6	-60374.6	127597	97007.2	
=== Chain event number 5, total event number 26 ===
1000003	131842	90092.3	-7416.87	592599	570631	
3	-120349	-116077	74305.7	211414	105910	
13	12575.2	-12190.4	-1901.5	17617.3	105.658	
-13	86414.9	94793.2	-43447.8	135429	105.658	
1000022	120277	93660.8	-27259.6	182736	97007.2	
1000002	-150078	-51243.2	2.75636e+06	2.81802e+06	564424	
2	-246539	-49730.4	616007	667919	58273	
-11	35939.9	-27642.5	555603	557450	0.434666	
11	-18357.8	-16604.5	178276	179986	0.476226	
1000022	78878.5	42734.1	1.40647e+06	1.41266e+06	97007.2	
=== Chain event number 6, total event number 35 ===
1000002	-321527	19410.8	1.77282e+06	1.8854e+06	555053	
2	-56529.3	56412	1.35525e+06	1.35767e+06	13750.5	
13	-54275.8	21008	53853.3	79293.1	105.658	
-13	-23464.1	-5019.6	-478.622	24000	105.659	
1000022	-186803	-52879.6	364204	423965	97007.2	
1000002	-67652.6	-109842	744297	943782	565778	
2	-205159	-232569	500732	589049	8190.46	
11	45273.1	3465.74	21827.4	50379.5	0.511095	
-11	2103.4	38137.4	99620.7	106692	0.51159	
1000022	90121	80978.8	121737	197255	97007.2	
=== Chain event number 8, total event number 40 ===
1000002	23751.6	351996	-226094	707566	570146	
2	-191231	7285.93	-136830	254209	96319.5	
11	21766.8	8732.84	-25676.9	34775.8	0.510996	
-11	9070.58	38960.4	-37368	54740.8	0.510926	
1000022	183833	296890	-25850.2	363341	97007.2	
1000004	-55475.9	-306717	447457	770867	544854	
4	18122.5	-352687	97803.3	368015	33952.2	
11	10716.9	28816.8	41659.8	51776.4	0.511128	
-11	-60028.3	-7401.32	154683	166087	0.513324	
1000022	-24399	23884.9	152240	183720	97007.2	
=== Chain event number 9, total event number 42 ===
1000003	-60790	44703	577772	815232	570166	
3	-2136.77	-194399	50649.8	206154	46246.7	
11	4828.14	-277.365	-3561.74	6006.15	0.510999	
-11	-21962.3	46028.8	195097	201653	0.511739	
1000022	-41519.1	193350	335586	401418	97007.2	
-1000003	33069.5	-82686.4	541968	788371	565570	
-3	-192354	-10010.6	58066.9	220244	89641.3	
13	60266.9	5848.88	143482	155735	105.658	
-13	-3448.88	-25799.8	17326.2	31268.8	105.658	
1000022	168502	-51958.8	322522	380163	97007.2	
=== Chain event number 10, total event number 47 ===
1000002	499460	141617	-639926	998488	563878	
2	290929	291355	-199458	457716	13905.7	
13	25536.6	-6695.84	-102039	105398	105.658	
-13	110633	-74192.1	-150227	200779	105.658	
1000022	71366.5	-68664.6	-184634	230885	97007.2	
-1000002	-366378	-168011	-7537.46	694312	565290	
-2	-273094	-186317	-222138	398314	3780.6	
-11	-16574.2	34982	29760.5	48827.6	0.511026	
11	-26414.3	-1859.34	-5640.48	27073.7	0.511046	
1000022	-50295	-14816	190481	220097	97007.2	
=== Chain event number 12, total event number 65 ===
1000002	-226085	-87324.9	-1.20459e+06	1.3552e+06	571657	
2	108341	-181848	-569688	609287	43351.7	
-11	-53572	20307.3	-120989	133868	0.510743	
11	-125381	5882.85	-205152	240504	0.508458	
1000022	-110633	51338.4	-207525	259524	97007.2	
1000001	205362	85675.8	-566923	834759	570883	
1	94357.4	-174151	-29009.4	200955	17587.8	
-13	-6743.67	64082.6	-120395	136554	105.658	
13	64219.4	78020.2	-107032	147198	105.658	
1000022	53528.5	117724	-310487	350053	97007.2	
=== Chain event number 13, total event number 68 ===
1000002	91299.1	-12539.7	311439	649174	562085	
2	-29906.5	218674	222988	319800	61931.6	
13	-4702.5	324.809	18153.7	18756	105.658	
-13	3894.98	-9816.97	-20316.6	22898	105.659	
1000022	122364	-222128	88649.6	285627	97007.2	
1000002	-112843	-37534.5	720528	920947	561107	
2	184455	-49737.2	128772	234483	43619.2	
-13	-93568.8	-4626.45	116275	149320	105.658	
13	-48739.9	-4686.31	193822	199912	105.658	
1000022	-153511	20816.7	273795	329201	97007.2	
=== Chain event number 14, total event number 75 ===
1000002	53904	-268504	199533	660114	566514	
2	-42920.4	-98353.5	340654	358884	35167	
13	5662.55	-10716.3	15727.3	19856	105.658	
-13	-8069.88	-15820.7	-53525.9	56395.5	105.658	
1000022	99191.8	-143534	-103437	224834	97007.2	
1000004	-121367	126891	-810040	1.00421e+06	566966	
4	-92615.8	55277.1	-791543	807271	116250	
-11	-39025	15183	-1372.04	41897	0.51102	
11	22421.4	-4138.86	-31775.8	39109.4	0.511048	
1000022	-12148	60569.8	14650.2	115937	97007.2	
=== Chain event number 16, total event number 85 ===
1000002	210769	482128	-558894	941016	544315	
2	172983	531974	-360631	665800	17742	
13	23755.3	19101.7	-25836.7	39959.2	105.658	
-13	38276.2	-14594.2	-74933.1	85399.3	105.658	
1000022	-24245.1	-54353.9	-97493.3	149858	97007.2	
1000001	-221171	-479630	-1.6167e+06	1.79268e+06	566569	
1	-282510	-70010.2	-896046	942132	325	
-11	33600.9	-32235.8	-64887.1	79865.5	0.51087	
11	29081.5	-22046.1	-61593.3	71592.6	0.510607	
1000022	-1343.84	-355338	-594177	699088	97007.2	
=== Chain event number 18, total event number 98 ===
-1000003	99539.3	-165870	404218	727699	573352	
-3	100259	147387	291906	349192	70360.1	
-13	25595.5	-32495.6	30632.7	51472.9	105.658	
13	-27084.6	-140988	15201	144369	105.658	
1000022	769.5	-139773	66477.9	182666	97007.2	
1000002	-181813	-18778.5	1.28922e+06	1.4198e+06	566000	
2	-250509	115805	1.04407e+06	1.08003e+06	14411.4	
11	-9788.44	-2833.38	8000.48	12955.7	0.510997	
-11	-18242.3	-17504.3	9328.32	26948.1	0.510983	
1000022	108035	-110980	218564	284902	97007.2	
=== Chain event number 19, total event number 99 ===
1000002	-235835	213086	244070	687633	558789	
2	-325028	139218	301852	465682	26827.8	
-13	43836.6	40169.1	-12902	60841.3	105.658	
13	40528.7	-14468.3	1801.51	43071.6	105.658	
1000022	4828.43	48167.2	-46682.2	118038	97007.2	
-1000003	184171	-153317	586246	849290	565848	
-3	156756	-258305	559754	637226	37928.1	
11	-3492.89	32743.2	-23601.5	40513.6	0.510904	
-11	-23659.4	-5342.93	22526.6	33102.3	0.510777	
1000022	54567.8	77588	27567.1	138448	97007.2	
=== Chain event number 20, total event number 104 ===
1000004	1.02072e+06	274470	119698	1.20583e+06	567887	
4	129553	76548.4	-141465	239350	120965	
11	77523.6	41911.7	12159.9	88962.7	0.51053	
-11	73966.2	33644.4	16903.3	82998	0.510373	
1000022	673894	92083	217176	720547	97007.2	
1000001	-1.06703e+06	-236226	1.8938e+06	2.26037e+06	573074	
1	-349874	-209972	313781	515663	30824.6	
13	-180425	-31037.7	351810	396594	105.658	
-13	-97188.3	-4942.52	212643	233853	105.658	
1000022	-241451	5992.66	585444	640695	97007.2	
=== Chain event number 21, total event number 118 ===
-1000004	-10254.8	59346.8	-995865	1.14879e+06	569511	
-4	86100.4	137364	-38382.6	166607	1600	
11	-32915.6	-37628.1	-338964	342631	0.509153	
-11	-38328.6	21262.5	-204106	208759	0.509784	
1000022	-25102.8	-61656.2	-414368	430747	97007.2	
1000002	-34339.2	-71560.3	623706	846104	566200	
2	233902	-82965.6	263047	361667	3943.18	
-13	-60034.6	-1114.39	122045	136017	105.658	
13	-126143	4342.89	109671	167208	105.658	
1000022	-82064.1	8176.82	128943	181213	97007.2	
=== Chain event number 22, total event number 121 ===
-1000001	320369	-190282	-422711	801612	570134	
-1	-137376	-64779	-187135	241893	20600.1	
13	66394.7	-26280.2	-1790.99	71429.2	105.658	
-13	74495.1	-27194.4	-5490.94	79493.5	105.658	
1000022	316855	-72028	-228294	408796	97007.2	
1000002	-454017	274050	119792	785586	567064	
2	-225651	-86927.7	-111554	267404	24207.5	
-13	-63965.5	88173.8	89441.6	140947	105.658	
13	14656	14703.2	8407.17	22398.1	105.658	
1000022	-179056	258101	133497	354837	97007.2	
=== Chain event number 23, total event number 132 ===
1000001	-258930	-74300.4	-481723	786515	560341	
1	-5051.16	157255	-136456	267090	167219	
-13	-8665.98	-36398	-10469.5	38852.8	105.658	
13	-52883.4	-931.057	-34931.2	63385.4	105.658	
1000022	-192329	-194226	-299866	417186	97007.2	
-1000001	71177.7	-54173.5	-147848	597596	572068	
-1	-30061.8	-208082	-208699	332732	151505	
-11	-15411.8	29326.8	17269.8	37360.8	0.511007	
11	-3982.58	51194.2	17299.7	54184.8	0.511041	
1000022	120634	73387	26281.8	173319	97007.2	
=== Chain event number 24, total event number 133 ===
1000001	11995.3	-557602	-1.01334e+06	1.29028e+06	571751	
1	113561	-516237	-469895	707285	7339.82	
11	-218.968	-11286.8	-57839.4	58930.8	0.511009	
-11	-1821.37	-35812	-93659.3	100289	0.510996	
1000022	-99282.3	21413.1	-309872	340216	97007.2	
1000002	5883.63	602507	-693004	1.07758e+06	563806	
2	223069	409238	-290606	549408	12723.2	
13	-26748.8	47712.1	-29555.9	62173.2	105.658	
-13	-7615.94	51067.9	-59692.2	78924.7	105.658	
1000022	-182810	94469.3	-313119	387037	97007.2	
=== Chain event number 25, total event number 144 ===
1000001	-226809	-773761	720786	1.22234e+06	569598	
1	30583.1	-92046.5	-65983.4	134908	66622.9	
-13	-27960.8	-140056	118593	185638	105.658	
13	-48255.1	-207170	220783	306583	105.658	
1000022	-181176	-334489	447394	595214	97007.2	
1000002	203817	791312	-1.40508e+06	1.72054e+06	564173	
2	52169.7	163795	-9328.68	172180	2928.05	
-11	68601.9	160190	-363189	402831	0.509391	
11	40904.8	48970.6	-113586	130281	0.509304	
1000022	42140.2	418356	-918980	1.01525e+06	97007.2	
=== Chain event number 26, total event number 160 ===
1000002	194574	-217254	-176037	663367	569217	
2	233062	-121803	-317309	412214	9049.25	
13	9032.23	-26181.9	-6520.44	28453.5	105.658	
-13	-16801.1	18995.3	4007.87	25674.4	105.658	
1000022	-30718.5	-88264	143785	197024	97007.2	
1000001	-195789	212377	-567647	852117	566078	
1	145794	201023	-209338	325132	14911.4	
-13	-115213	21073.1	-93027.7	149574	105.658	
13	-82786.4	31013.8	-66816.3	110815	105.658	
1000022	-143583	-40733.3	-198466	266597	97007.2	
=== Chain event number 27, total event number 163 ===
1000003	267439	-274074	-448004	816849	565592	
3	67592.3	-21150.5	-439571	447408	43982.8	
-13	7039.31	4825.09	10304.8	13380.4	105.658	
13	50738.6	-121055	9094.42	131573	105.658	
1000022	143017	-137601	-28911.4	222788	97007.2	
1000001	-351547	305835	622073	966811	575004	
1	-10513.1	309497	434922	538016	66370.2	
-13	-27915.1	14412.7	45003.2	54884.2	105.658	
13	-144670	17253.6	40578.5	151240	105.658	
1000022	-167453	-35818.5	100024	220769	97007.2	
=== Chain event number 28, total event number 166 ===
1000001	-327371	-144164	1.20643e+06	1.37987e+06	566231	
1	-304526	95350.5	483976	597342	144072	
-13	-10556.2	-37201	37744.6	54037.2	105.658	
13	-27025.2	-100111	349863	364906	105.658	
1000022	14736	-102203	334845	363585	97007.2	
-1000002	178009	327078	367851	773343	569279	
-2	31992.3	348449	406328	537150	31425.1	
-11	6321.15	5654.17	-14007.4	16374.8	0.510995	
11	42968.8	-38247.1	24925.5	62693.2	0.51091	
1000022	87711	4276.54	-30997	134472	97007.2	
=== Chain event number 29, total event number 179 ===
-1000002	-213614	59172.3	-77510.1	606741	559460	
-2	-90902.8	164727	174793	256908	7141.85	
11	-45249.6	-17691.2	-20657.8	52794.4	0.510858	
-11	-44818.8	-45450.4	-39705.1	75172.9	0.510231	
1000022	-32173.8	-42222.3	-191696	221305	97007.2	
1000001	324618	-152246	1.24758e+06	1.41544e+06	564329	
1	44165.2	150205	635397	655561	38967.1	
-13	18794.9	-63548.3	69990.2	96386	105.658	
13	119666	-123026	290209	337160	105.658	
1000022	141992	-115876	251979	326332	97007.2	
=== Chain event number 30, total event number 186 ===
1000002	295527	-318339	23380.5	711230	562694	
2	-111975	-47665.6	-86074.9	178493	98186.3	
-13	-5562.33	-185.146	5837.7	8066.21	105.658	
13	169266	-139805	23524.2	220793	105.658	
1000022	243799	-130683	80093.5	303877	97007.2	
-1000003	-288711	326729	355414	802191	571914	
-3	38272.1	-29932.1	-101202	112885	11850.9	
-11	-31259.8	165.714	25447.2	40308.3	0.510993	
11	-151257	195829	201868	319340	0.511942	
1000022	-144466	160666	229301	329657	97007.2	
=== Chain event number 31, total event number 189 ===
1000002	222355	161169	-415075	753852	566205	
2	328298	224712	-200137	447295	41747.1	
11	-29800.4	19529.9	-36638.4	51106.3	0.510989	
-11	-30574.3	18032.4	-37957.9	51968.8	0.510968	
1000022	-45568.4	-101105	-140342	203482	97007.2	
1000002	-226022	-165915	431347	766108	567669	
2	-121542	92648.9	401552	432666	50990	
13	-1936.27	8701.07	8465.53	12293.7	105.658	
-13	-68328.3	-134787	-5878.45	151231	105.658	
1000022	-34214.8	-132478	27208.4	169917	97007.2	
=== Chain event number 32, total event number 190 ===
1000002	85170.5	203375	-487493	777861	564626	
2	-38514.3	141817	79378.7	167152	6583.26	
11	10415.4	35964.9	-56284.7	67601.2	0.510932	
-11	-9140.52	-20276.6	-56103.2	60351.1	0.51088	
1000022	122410	45870	-454484	482757	97007.2	
-1000002	-39049.6	-31388.2	531838	775371	561995	
-2	-85.3725	-264914	238297	357326	26771.5	
13	15879.1	20937.8	46064.2	53032.6	105.658	
-13	-2969.03	14324.3	74207.8	75636	105.658	
1000022	-39755.1	182294	148141	257231	97007.2	
=== Chain event number 33, total event number 191 ===
1000001	187641	-389178	-355911	800698	572518	
1	299831	-241114	-379160	540755	24883.3	
13	-4858.53	14584.5	7452.25	17083.9	105.658	
-13	-24156.8	-76829.4	34857.4	87757.3	105.658	
1000022	-83174.7	-85818.8	-19060.8	155102	97007.2	
1000001	-271163	394456	277440	796577	573094	
1	47503.7	64338.9	-132813	155194	7064.66	
-11	-97921.1	118345	149938	214652	0.51153	
11	-58730.2	74632.7	31929.6	100194	0.511464	
1000022	-162016	137139	228385	326537	97007.2	
=== Chain event number 34, total event number 202 ===
1000002	899299	341601	-670774	1.30058e+06	562262	
2	473622	429629	-340861	725845	42019.7	
13	66543.6	3455.93	-16840.5	68728.5	105.658	
-13	15932.5	-17719.3	-54118.6	59132.5	105.658	
1000022	343201	-73765	-258954	446873	97007.2	
1000002	-1.02952e+06	251450	1.27577e+06	1.74809e+06	552354	
2	-55265.7	93104.2	-18363.6	110547	12679.5	
-13	-207058	65267.5	291375	363362	105.658	
13	-150128	25454	139677	206630	105.658	
1000022	-617063	67624.7	863078	1.06755e+06	97007.2	
=== Chain event number 35, total event number 226 ===
1000001	112628	183101	802672	1.00519e+06	565609	
1	92638.9	339851	394964	532194	56153.5	
-13	-703.105	-54308.2	152365	161756	105.658	
13	1769.76	-28875.6	138323	141316	105.658	
1000022	18922.6	-73566.3	117020	169924	97007.2	
1000002	-78507.5	-193895	415906	734980	568735	
2	201066	-150860	97544.8	272511	39513.7	
-13	-21756.2	-22202.1	67871	74650.9	105.658	
13	-9779.62	-3202.54	57569.4	58482	105.658	
1000022	-248037	-17630.4	192921	329336	97007.2	
=== Chain event number 36, total event number 231 ===
-1000003	198187	-13804.4	578618	836234	570104	
-3	45293.6	-112106	566685	579874	22418.4	
-11	-3783.99	-1859.01	-18726.8	19195.5	0.510895	
11	41502	-4325.59	-21035	46729	0.510125	
1000022	115175	104486	51694.6	190435	97007.2	
1000002	-221569	49266.6	1.04199e+06	1.20305e+06	556842	
2	-263511	171996	860298	916075	7683.82	
-11	-15295.3	-45071.3	26319.3	54388.2	0.511011	
11	15707.8	22545.9	24536.3	36838.6	0.511017	
1000022	41557.5	-100146	130860	195681	97007.2	
=== Chain event number 37, total event number 251 ===
1000004	4804.6	-58380	609802	835099	567539	
4	-174250	-40049.9	542240	571495	24787.2	
13	53484.5	21517.4	29442.4	64733.8	105.658	
-13	2159.01	17011.4	26433.1	31508.2	105.658	
1000022	123411	-56859	11686.6	167363	97007.2	
-1000004	21580.9	60659.6	1.46277e+06	1.56465e+06	551626	
-4	201275	-105139	409504	468446	13480.6	
-13	-13013.4	-1397.29	172990	173485	105.658	
13	-93773.6	76212.9	312897	335420	105.658	
1000022	-72907.3	90983	567378	587300	97007.2	
=== Chain event number 38, total event number 253 ===
-1000002	-150425	124940	620001	861690	565572	
-2	-24790.2	-88145.6	536270	544320	17740.6	
11	-44826.6	41380.3	45496.7	76103.2	0.510765	
-11	20972.9	39743.2	1465.14	44961.4	0.510541	
1000022	-101781	131962	36768.4	196305	97007.2	
1000001	180229	-53729.4	780274	979391	561258	
1	215838	-80303.5	70377.5	245602	48298.9	
-11	-14421.4	36578.4	131682	137427	0.510622	
11	-43827.5	-5623.81	227386	231639	0.50828	
1000022	22639.7	-4380.42	350829	364723	97007.2	
=== Chain event number 40, total event number 273 ===
1000002	657893	123772	202809	900534	567176	
2	96696.5	223257	-53657.5	250045	21204	
11	143534	2989.32	48445.1	151519	0.510906	
-11	5734.58	13378.2	4038.52	15105.3	0.510956	
1000022	411927	-115853	203983	483865	97007.2	
-1000001	-729535	6038.29	-53429.9	921586	560543	
-1	-456425	56392.5	-262363	530073	25275.1	
-13	-13300.9	-27216.5	35720.4	46836	105.658	
13	-25178.2	-19693.3	57172.7	65501.9	105.658	
1000022	-234631	-3444.51	116039	279176	97007.2	
=== Chain event number 41, total event number 278 ===
1000001	288511	230467	120536	688370	568305	
1	-105924	33688.2	-109959	159271	30357.1	
-13	128442	56613.6	93962.1	168912	105.658	
13	20499.8	10953.6	-16819.6	28690.3	105.658	
1000022	245493	129211	153352	331496	97007.2	
1000001	-293158	-219301	169150	698410	570202	
1	-135348	158796	-25294	210347	8420.18	
13	-524.25	-46055.8	10790.3	47305.9	105.658	
-13	11571.2	-3448.72	-541.533	12086.8	105.658	
1000022	-163910	-290293	175724	389134	97007.2	
=== Chain event number 43, total event number 318 ===
-1000004	488677	259213	-362161	870891	566828	
-4	402953	24655.3	-387224	561833	52302.4	
-11	49268.4	46466	-1204.37	67734.1	0.510984	
11	40805	90089.6	-7831.25	99209.4	0.510875	
1000022	-4348.78	98002.3	34098.5	142114	97007.2	
1000004	-547932	-311665	-1.18291e+06	1.45367e+06	562599	
4	-518808	-201745	-1.08403e+06	1.21865e+06	11273.2	
11	7193.96	13723.4	-22221.8	27090.5	0.511034	
-11	10492	-55940.3	-49205	75236.5	0.511278	
1000022	-47784.6	-65274.7	-24355.5	128638	97007.2	
=== Chain event number 44, total event number 320 ===
1000003	-20661.3	483988	1.10921e+06	1.33721e+06	568424	
3	22152.2	351497	219863	419140	57429	
-11	12343.1	-11186.3	60793.5	63034.4	0.511133	
11	-47072.6	15338.8	211232	216956	0.512985	
1000022	-8241.69	128483	616524	637251	97007.2	
1000001	26140.8	-502101	1.7279e+06	1.8919e+06	583827	
1	19279	28050.7	33857	107687	96393.4	
13	21117.3	-47035.2	208000	214295	105.658	
-13	27846.9	-187746	567709	598597	105.659	
1000022	-46448.8	-285815	875971	927676	97007.2	
=== Chain event number 45, total event number 328 ===
1000002	71242.9	-64144.1	355229	659140	546890	
2	-78569.5	-57628.7	405073	419362	47816.3	
11	31030.3	155.703	22865.6	38545.3	0.510995	
-11	43976	-29069.7	6267.34	53086.9	0.510969	
1000022	74200.8	22394.1	-79421.2	147395	97007.2	
-1000002	-97831.4	53252.9	146957	595502	566233	
-2	25687.1	-175458	-85616.2	202848	48699.4	
11	-2450.22	11453.6	11184.7	16195.3	0.510995	
-11	-11770.9	-10338.2	-5191	16503.9	0.51099	
1000022	-94373.4	158532	158788	262036	97007.2	
=== Chain event number 46, total event number 348 ===
-1000004	132645	256531	263364	686520	564399	
-4	99905.6	59443.8	376434	394598	22149.5	
11	26638.1	56714.8	-22845.9	66694	0.511014	
-11	-2489.48	52958.8	-68167	86357.2	0.511071	
1000022	3422.13	74379.1	-15306.6	123242	97007.2	
1000001	-95160.2	-229337	435011	761643	573772	
1	16735.5	-137350	502084	520801	325	
11	-16308.3	13284.6	11271.3	23863.8	0.511011	
-11	-20920.4	-24243.3	1884.47	32077.3	0.511025	
1000022	-57479.5	-46256.8	-80590.9	146113	97007.2	
=== Chain event number 47, total event number 361 ===
1000001	397239	-640695	-1.10562e+06	1.45373e+06	568013	
1	290705	-280791	-786531	929121	285099	
-11	43546.7	-73771.6	-37736.5	93608.8	0.510789	
11	12163.3	5692.76	-20721.3	24692.6	0.510873	
1000022	50823.1	-291824	-260630	406304	97007.2	
-1000002	-297979	781912	356490	1.07179e+06	566991	
-2	-393707	671876	271322	824687	8359.9	
11	23985	43792.8	-6235.19	50318.6	0.510901	
-11	45925.2	-10867	18370.2	50642.7	0.510754	
1000022	25811.1	77111.3	73029.8	146137	97007.2	
=== Chain event number 48, total event number 368 ===
1000002	522694	222494	-2.37169e+06	2.50184e+06	558212	
2	180357	-150233	-1.02104e+06	1.04826e+06	35132.2	
13	8957.52	29350.9	-148721	151854	105.658	
-13	53074.5	106925	-326988	348096	105.658	
1000022	280305	236451	-874940	953631	97007.2	
-1000004	-323254	-157550	-515295	828807	540442	
-4	-149053	109894	-405586	446148	15953.3	
-11	-16062.1	-41440.6	-47852.8	65308.5	0.511329	
11	14174.3	-22843.8	-12222.5	29532	0.5115	
1000022	-172313	-203160	-49633.6	287819	97007.2	
=== Chain event number 49, total event number 379 ===
1000002	-99228.2	-457680	-643170	974719	563109	
2	-108535	-183207	39525.2	217079	14705.7	
-13	1312.28	-106073	-244614	266626	105.658	
13	-30405	-76740.3	-150247	171429	105.658	
1000022	38399.5	-91659.2	-287835	319586	97007.2	
-1000002	-305526	169355	207101	695731	564910	
-2	-354414	180885	-23453.2	398746	10945.9	
11	17909.3	-25368.9	79657.9	85496.8	0.510932	
-11	-22375.9	7092.31	-784.612	23486.1	0.510939	
1000022	53256.8	6884.37	151248	187536	97007.2	
=== Chain event number 50, total event number 388 ===
1000002	257429	198721	-1.30608e+06	1.45998e+06	565647	
2	359373	142991	-539260	663725	11578.7	
-13	-35470.6	26595	-278554	282060	105.658	
13	-19262.9	-16615.9	-22633.8	34050.7	105.658	
1000022	-47210.2	45750.8	-465627	480147	97007.2	
1000003	-295472	-147406	546967	862193	578941	
3	100040	67515.7	-12801.4	121597	7458.73	
-13	-142607	-55490.8	171028	229492	105.658	
13	-132299	-68937.7	212999	260046	105.658	
1000022	-120606	-90492.7	175742	251058	97007.2	
=== Chain event number 51, total event number 405 ===
1000003	130036	118828	-1.19988e+06	1.34e+06	569964	
3	-114922	148610	-138829	235807	32236.6	
-11	45439.6	24061.5	-135300	144740	0.511024	
11	98762.6	-15192.2	-272156	289921	0.511128	
1000022	100481	-38610.4	-652822	668711	97007.2	
-1000001	-102877	-224648	-309133	689420	564523	
-1	98166.2	-308871	-161896	370504	77620	
-13	-50891.1	-6543.46	-52065.9	73099.8	105.658	
13	-59301.1	-812.737	-1763.73	59333	105.658	
1000022	-90851	91579.5	-93407.5	186483	97007.2	
=== Chain event number 52, total event number 412 ===
-1000001	264825	360750	-754133	1.04914e+06	575939	
-1	286588	315424	-455388	696564	310160	
-13	21773	15740.6	-86106.5	90200.7	105.658	
13	-23620.8	42102.3	-105058	115619	105.658	
1000022	-19914.6	-12517.2	-107581	146756	97007.2	
1000002	-30345.5	-331128	-1.69443e+06	1.82392e+06	587370	
2	142136	100352	-472733	504448	26807.5	
11	-58646.2	-121005	-401950	423846	0.51469	
-11	-40511.1	-25209.8	-75009.6	88899.5	0.51211	
1000022	-73324.4	-285266	-744739	806722	97007.2	
=== Chain event number 54, total event number 422 ===
1000002	286933	179517	-975777	1.18634e+06	583703	
2	10145.3	-50488.1	55022.6	79730.5	26028.5	
11	917.13	-8564.4	-41370.9	42258.1	0.511159	
-11	67272.8	98903.8	-242933	270784	0.517104	
1000022	208590	139743	-746121	793187	97007.2	
-1000002	-339712	-109713	44234.2	668237	563154	
-2	-95756.2	-256155	122448	322394	118995	
13	-48452.9	-5043.82	1495.73	48737.8	105.658	
-13	-22542.2	9432.19	20526	31913.1	105.659	
1000022	-171887	140831	-101665	262916	97007.2	
=== Chain event number 55, total event number 432 ===
1000001	-149971	-109678	1.0264e+06	1.18918e+06	571069	
1	-172137	-56863.3	976708	993539	17215.4	
-11	3239.96	-41748.1	953.957	41884.5	0.510934	
11	-2035.91	-38013.8	-3498.49	38228.7	0.510875	
1000022	20968	27086.1	52254	115387	97007.2	
-1000001	98924.4	-17277.2	189816	607628	568417	
-1	121072	-246436	144418	311674	29919.2	
-13	-12104.5	-2512.59	17743.5	21625.8	105.658	
13	-12146.2	95049	-24358.5	98869.6	105.658	
1000022	2103.24	136622	52012.9	175459	97007.2	
=== Chain event number 56, total event number 434 ===
1000002	168313	-211013	153955	645567	565861	
2	45903.9	-55384.9	321339	329747	17308.9	
13	-4449.83	-19058.8	8230.19	21231.7	105.658	
-13	71055.1	-84218.3	-64647.9	127753	105.658	
1000022	55962.4	-51664.7	-111230	166083	97007.2	
1000001	-115419	194254	-22385.3	613739	570192	
1	-6559.29	-22426.1	222379	224821	23370	
-13	-39482.8	73434.4	-99106.4	129513	105.658	
13	-52364.6	82187.8	-52308.6	110603	105.658	
1000022	-17012.3	61058.2	-93349.4	148802	97007.2	
=== Chain event number 58, total event number 446 ===
1000001	268999	-124731	-464875	792396	569091	
1	299236	-177830	-71994.8	355804	15744.3	
-11	1729.11	36359.7	-46813.6	59300.4	0.511038	
11	-21870.6	36411.9	-156979	162624	0.511465	
1000022	-10177.8	-21362.3	-186914	211913	97007.2	
1000002	-172341	111791	-419616	733917	566002	
2	-32263.8	-163824	18713.1	168016	325	
-13	-21458.3	21154.6	-94562.3	99247.2	105.658	
13	16333.1	23111.5	-50009	57461.5	105.658	
1000022	-134952	231348	-293758	409192	97007.2	
=== Chain event number 59, total event number 448 ===
-1000004	753871	216898	1.17131e+06	1.51817e+06	563495	
-4	593597	239112	524365	827350	4178.94	
-13	12085.8	16217.4	15710.1	25610.3	105.658	
13	-863.021	-31603.6	108825	113325	105.658	
1000022	149052	-6827.63	522405	551888	97007.2	
1000002	-818271	-216291	1.42836e+06	1.75427e+06	566491	
2	-124310	92175.8	44397.1	165370	37773	
-11	-253312	-116534	500237	572699	0.521729	
11	-116856	-47802.1	311962	336543	0.524068	
1000022	-323792	-144130	571759	679657	97007.2	
=== Chain event number 60, total event number 456 ===
1000004	-28006.3	-83930.9	-289171	644445	569088	
4	-172893	101025	-283066	348205	31979.9	
13	-5608.23	-31525.3	-18936.2	37200.6	105.658	
-13	-6744.38	-12512	-19822.4	24392.1	105.658	
1000022	157239	-140919	32653.6	234647	97007.2	
-1000004	-104370	-175027	-346503	693964	565680	
-4	-127410	37261.4	-386012	411690	53493.4	
11	-10045.5	-40617.3	36763.5	55697.7	0.510963	
-11	-15728.4	-59335.1	-27779.9	67377.8	0.510851	
1000022	48813.9	-112336	30524.9	159199	97007.2	
=== Chain event number 62, total event number 467 ===
-1000002	320950	-6279.81	-674390	934055	560900	
-2	-72045.8	160364	-249693	305486	8213.78	
11	121657	-46303.7	-87082.4	156614	0.510794	
-11	131417	-82721.2	-158171	221656	0.51036	
1000022	139372	-37276.5	-178776	249370	97007.2	
1000002	93818.2	-110269	159568	604448	564743	
2	291368	-66955.7	78802.8	321706	88919.2	
-11	-51324	-3835.06	-12457.3	52953.3	0.511018	
11	-18270.8	-12821.8	-15948.6	27433.2	0.511015	
1000022	-121687	-23429.8	113269	193899	97007.2	
=== Chain event number 63, total event number 475 ===
-1000001	556987	-20461.9	-388741	872566	547356	
-1	-991.241	69485.8	-246892	262574	56216.4	
11	162176	-47169.5	-25871.2	170867	0.510484	
-11	24208.5	-2931.78	-37463.7	44700.9	0.510825	
1000022	370886	-39760.8	-77419	393118	97007.2	
1000002	-616183	25566.7	-1.21286e+06	1.47265e+06	563323	
2	-35731.1	-75752.8	-584204	592354	50733.4	
-13	-154580	44872.9	-133397	209053	105.658	
13	-150597	51225.6	-206209	260433	105.658	
1000022	-275275	5220.96	-289052	410810	97007.2	
=== Chain event number 64, total event number 477 ===
-1000002	169945	-165111	-521624	801988	561205	
-2	-133872	-29798.4	-9239.22	165064	91385	
-11	13593.7	14449.2	-15689.2	25292.7	0.510973	
11	12067	11053.6	-11377.6	19931	0.51094	
1000022	275666	-163094	-482967	587588	97007.2	
1000001	-114550	148277	-376057	711578	574296	
1	162278	-6286.58	-296468	338240	11799	
-11	-29150.9	14285.1	-25512.4	41288.3	0.510977	
11	-34162.8	1450.24	25727.6	42791.5	0.510862	
1000022	-187543	126102	-57072.4	252471	97007.2	
=== Chain event number 67, total event number 482 ===
1000004	-397636	-97291.7	17866.4	694983	561339	
4	-44582.7	68511.7	-177107	223101	108284	
11	-7523.44	5828.17	24369.2	26161.6	0.511021	
-11	-37757.7	10004.2	27525.1	47784.6	0.51114	
1000022	-305068	-182353	141108	394514	97007.2	
-1000004	446835	125048	1.79738e+06	1.93699e+06	553250	
-4	361914	155843	1.61069e+06	1.66221e+06	115577	
13	30095	23224.9	39645.8	54926.4	105.658	
-13	6104.17	-42525	9045.09	43902.9	105.658	
1000022	48721.8	-11495.1	137992	175949	97007.2	
=== Chain event number 68, total event number 485 ===
1000004	240185	-246999	32796	661611	563876	
4	222141	-250873	219634	401277	22371.7	
11	2850.16	-27154.1	-8758.41	28673.7	0.510962	
-11	32145.2	-9359.38	-14478	36476.4	0.510862	
1000022	-16958.2	40389.2	-163598	195176	97007.2	
-1000004	-188784	231272	-161575	658963	564800	
-4	-166733	336768	-226602	438964	11326.2	
-11	-8419.29	-382.713	-20378.8	22052.8	0.510981	
11	26729.8	-55503.4	20926.4	65061.7	0.510713	
1000022	-40361.8	-49609.8	64480	132884	97007.2	
=== Chain event number 70, total event number 489 ===
-1000002	413388	167008	-374968	811394	564780	
-2	235028	286764	-379838	530855	7668.13	
13	51239.7	-32475.6	-27535.4	66621.2	105.658	
-13	50177.9	-31875.2	-27237.7	65389.3	105.658	
1000022	76584	-55037.2	59889.9	147957	97007.2	
-1000003	-273181	-54870.6	-254397	680955	566872	
-3	-158413	225110	-76570.2	286360	19230.8	
13	-56130.3	-80839.8	-64204.6	117507	105.658	
-13	367.96	-1096.37	15011.6	15056.4	105.658	
1000022	-59005.7	-198045	-128634	262032	97007.2	
=== Chain event number 71, total event number 512 ===
-1000004	-191268	-23947.1	-198257	628445	564341	
-4	-75461.5	102816	60614.6	269257	229259	
11	-18625.5	13722.7	-11549.5	25857.5	0.510939	
-11	-3245.22	8761.13	-51838.6	52673.8	0.510618	
1000022	-93927.3	-149282	-195282	280451	97007.2	
1000002	269499	-116990	273530	701667	575501	
2	-63051.6	-92212.8	281293	322474	111286	
-11	24215.1	-15625.3	-21110.1	35723.4	0.511002	
11	35756.1	32609.5	6910.39	48883.8	0.510994	
1000022	267684	-38713.4	10500.6	287531	97007.2	
=== Chain event number 72, total event number 514 ===
-1000002	-51607.7	-185409	-170648	610161	553296	
-2	-105128	144805	-17738.8	200521	88733.8	
-11	-12929.1	-61772	-1886.15	63138.7	0.511023	
11	-14404.3	-64025.6	-9609.33	66325.7	0.511058	
1000022	81912.3	-199778	-140687	275362	97007.2	
1000002	35154.3	172149	-844033	1.03883e+06	579579	
2	247759	32801.1	-441941	530083	152367	
11	6111.22	21778.3	-46608.5	51807.3	0.511035	
-11	-54957.8	7911.7	-27151.7	61807.5	0.511078	
1000022	-163374	109602	-328142	394704	97007.2	
=== Chain event number 74, total event number 531 ===
1000001	-61049.1	-12624.6	354158	673568	569543	
1	39077.3	216083	22311.3	220825	6853.15	
-11	-12563.7	-75654.6	105772	130649	0.510865	
11	-61218.3	-86807.8	106235	150230	0.510408	
1000022	-25380.3	-60422.7	111704	161812	97007.2	
1000001	45334.8	-40564.7	252296	626851	570604	
1	-130052	98629.2	-84202.5	184266	14921.3	
-13	-12893.5	-14866.3	23662.5	30776.2	105.658	
13	45981.4	12538.6	51399.5	70095.8	105.658	
1000022	142341	-136820	261360	341614	97007.2	
=== Chain event number 75, total event number 541 ===
1000002	-2918.21	116668	36465	588797	575962	
2	-157520	254199	83049.4	310402	4749.73	
-13	23698.6	-2239.15	21171.1	31856.9	105.658	
13	-8410.74	-28837.5	-18122.6	35082.5	105.658	
1000022	135076	-109289	-52161	205720	97007.2	
1000002	13707	-145085	611892	850914	573067	
2	-175290	-160351	73453.5	252257	42417.6	
11	753.03	-8502	-1350.62	8641.48	0.511002	
-11	46890.9	21031.3	232654	238262	0.510052	
1000022	141353	2736.31	307136	351754	97007.2	
=== Chain event number 77, total event number 568 ===
-1000003	-343997	-200912	724887	1.00482e+06	570527	
-3	10461	-217976	54954.9	225549	15152.5	
11	-91063.1	30484.3	189778	212691	0.512706	
-11	-129443	-1171.24	263059	293184	0.517664	
1000022	-132965	-12579	215039	271091	97007.2	
1000002	575319	227929	448769	951741	566987	
2	-86818.8	111313	61672.3	155251	19273.6	
-13	179245	28706.9	135405	226468	105.658	
13	169240	45324.8	49346.7	182021	105.658	
1000022	313653	42585	202345	388002	97007.2	
=== Chain event number 78, total event number 579 ===
1000002	-291475	-91584	-662780	911274	545709	
2	-94835.5	-77451.8	56800.4	143693	49283.5	
11	7877.08	-1403.58	-6100.01	10061.2	0.511007	
-11	-57629.7	-7502	-305781	311255	0.513636	
1000022	-146832	-3398.59	-383135	421632	97007.2	
-1000004	197514	2481.08	-671565	901336	567792	
-4	123939	31308.5	-690122	703581	49169.5	
11	-2703.62	24704.1	-944.405	24869.5	0.511028	
-11	33570.6	237.107	40062.3	52268.8	0.511268	
1000022	42707.7	-53768.6	-20561.3	120616	97007.2	
=== Chain event number 79, total event number 584 ===
1000001	-41546.6	63998.2	62052.7	576930	568486	
1	-96785.8	105522	247090	309476	119246	
11	30819	-31840.6	-26861.7	51818.7	0.511021	
-11	38356.2	18559.9	-61551.6	74861.7	0.511062	
1000022	-14204.3	-28372.1	-96193.8	140251	97007.2	
-1000001	37199.8	1077.01	210469	609837	571156	
-1	21601.9	-219773	230431	323578	53271.3	
11	23887.8	81180.1	-1691.78	84638.7	0.510968	
-11	-38509.6	20484.4	2181.85	43673.3	0.510944	
1000022	30219.7	119185	-20451.9	157946	97007.2	
=== Chain event number 80, total event number 587 ===
1000002	-549658	-548719	-201505	967137	539937	
2	-392040	-546823	-256611	721352	42283.2	
-13	-3767.59	26241.5	1651.17	26562.2	105.658	
13	285.828	-25246.1	-8793.17	26735.3	105.658	
1000022	-154136	-2891.4	62247.6	192488	97007.2	
1000003	541928	506108	-141821	942619	564434	
3	318564	134128	-286832	450884	39380.3	
13	14002.1	32572.8	42619.6	55439.1	105.658	
-13	103469	94385.2	36944.3	144842	105.658	
1000022	105875	245007	65441	291429	97007.2	
=== Chain event number 81, total event number 592 ===
1000002	178290	398570	-1.09928e+06	1.31223e+06	568231	
2	96826.4	-81669.4	-512741	528765	25373.7	
13	6710.04	-4168.47	-4775.17	9231.15	105.658	
-13	8772.96	165633	-245381	296181	105.658	
1000022	65981	318774	-336380	478050	97007.2	
-1000003	-227839	-381649	-1.09358e+06	1.30101e+06	546925	
-3	-90116.8	120458	-244393	288722	31644.5	
11	-9886.45	-11818.6	-3482.61	15797.1	0.51098	
-11	-826.063	-5630.49	2794.41	6339.84	0.510958	
1000022	-127009	-484658	-848503	990148	97007.2	
=== Chain event number 82, total event number 594 ===
1000002	94900.8	-87861	-77790.5	587368	567648	
2	112081	-156268	-237728	336223	139820	
13	-12234.2	-16225	41591.7	46290.4	105.658	
-13	15025.5	17365.3	73502.9	77006.5	105.658	
1000022	-19971.3	67266.8	44843.2	127848	97007.2	
1000001	-86653.9	116718	-84459.1	593730	569429	
1	-125381	-78944.5	168254	224722	15414.6	
-11	34535.5	44515.4	-80810.7	98512.4	0.511039	
11	-5295.01	-15151.8	-14633.8	21720.1	0.511022	
1000022	9487.05	166299	-157269	248776	97007.2	
=== Chain event number 83, total event number 595 ===
1000001	-158256	-61377.2	364795	698348	570791	
1	86658.6	-186512	298579	362861	14906.9	
-11	-50042	35569.2	45213.8	76247.3	0.510951	
11	64.1875	-3842.34	21973.7	22307.2	0.51096	
1000022	-194937	93408.3	-971.038	236932	97007.2	
1000002	149474	54104.6	-162649	597566	552594	
2	231744	104706	-232308	381439	163891	
-11	5203.09	-10984.4	18159.3	21851.5	0.510999	
11	-2711.5	17750.3	-19145.6	26248.4	0.511006	
1000022	-88731.4	-48987.2	56790.8	151356	97007.2	
=== Chain event number 84, total event number 597 ===
-1000001	300800	59417	-194402	679083	573891	
-1	302562	176751	-277565	448409	35264.6	
-13	14757.3	-16452.5	-16756.1	27735.2	105.658	
13	13000.3	-42297.7	-6471.37	44721.3	105.658	
1000022	-29519.5	-58583.6	106391	158218	97007.2	
1000004	-310349	-80815.4	-639309	911324	564754	
4	-424119	-89707.8	-393379	585702	19368.8	
13	9608.64	-16798.7	2327.9	19492.4	105.658	
-13	19728.7	-21618.8	-100216	104402	105.658	
1000022	84432.5	47309.8	-148043	201728	97007.2	
=== Chain event number 85, total event number 600 ===
-1000004	390386	-362942	-937698	1.21878e+06	567466	
-4	481182	-217679	-639898	830767	42243.6	
13	-45047.8	-33506.6	-40231	69069.1	105.658	
-13	1614.49	-45741.8	-20360.7	50094.8	105.658	
1000022	-47362.9	-66015	-237208	268848	97007.2	
1000004	-372391	349349	-1.39175e+06	1.58403e+06	558090	
4	-31343.8	-127386	-159615	207709	21365.9	
-13	-126492	175622	-429191	480674	105.658	
13	-44752.4	12555.3	-124453	132849	105.658	
1000022	-169803	288558	-678496	762801	97007.2	
=== Chain event number 86, total event number 613 ===
-1000002	26122.8	416725	-118053	713958	566973	
-2	-140740	376743	-189709	454931	96072.8	
-11	52571.2	14167.7	-11350	55617.3	0.510841	
11	76802.8	23496.4	47479.5	93300.9	0.509887	
1000022	37247.6	2254.51	35573.2	109856	97007.2	
1000001	58005.7	-648541	-1.99699e+06	2.17603e+06	568485	
1	137932	-316842	-1.53722e+06	1.57576e+06	23801	
-11	-25312.3	-86654.8	-67365.8	112641	0.510948	
11	-21615.3	1316.82	-41399.6	46721.3	0.51096	
1000022	-32993.7	-246361	-350997	440898	97007.2	
=== Chain event number 87, total event number 614 ===
1000001	15306.9	385346	356597	772747	566791	
1	26225.8	54647.7	383634	394946	71644.7	
-11	-2835.59	44992	-35931.6	57648.9	0.510995	
11	-17146.5	8101.55	17523.7	25820.9	0.510989	
1000022	9063.25	277604	-8629.22	294332	97007.2	
1000002	-9760.99	-388567	-477619	851959	588757	
2	-117009	-335008	-45878.4	368958	90018.1	
-11	55434.4	-22769.9	-116836	131309	0.511155	
11	-1445.03	-9059.01	6389.57	11179.5	0.511034	
1000022	53258.6	-21729.3	-321294	340513	97007.2	
=== Chain event number 88, total event number 633 ===
-1000001	-161305	-143967	343774	701757	572308	
-1	-316587	-68620.6	199590	413482	161847	
11	40573.5	14811.3	14163.7	45455.4	0.51107	
-11	-8221.69	-30708.1	1734.77	31837	0.511113	
1000022	122931	-59448.9	128285	210982	97007.2	
-1000002	281281	113149	-441294	768819	551743	
-2	315674	95195	-476916	580943	36531.5	
-11	20322.8	-13515.2	-6304.87	25207.7	0.511013	
11	-22474.5	30746.4	46780.5	60323	0.511125	
1000022	-32239.8	721.182	-4856.66	102342	97007.2	
=== Chain event number 91, total event number 653 ===
1000001	114996	158780	-657836	894494	573530	
1	115524	321543	-271369	438016	38489.8	
-13	-31327.3	-46147.2	-84109.4	100923	105.658	
13	35471.9	-1094.58	-70062.9	78538.3	105.658	
1000022	-4673.14	-115521	-232295	277017	97007.2	
-1000001	-142155	-117303	-1.15567e+06	1.30099e+06	568351	
-1	1267.56	-226994	-237778	348291	115070	
-11	-871.911	-3923.91	1578.71	4318.52	0.511035	
11	3086.46	-14391.1	-81049.1	82374.6	0.512397	
1000022	-145638	128006	-838419	865998	97007.2	
=== Chain event number 92, total event number 657 ===
1000004	366101	-179430	1.34195e+06	1.51025e+06	560173	
4	251893	-327343	966177	1.05347e+06	75506.4	
-11	40743	37329.1	61390.3	82596.7	0.510903	
11	-6422.7	2166.12	101405	101631	0.510651	
1000022	67179.2	96750.6	193425	246368	97007.2	
-1000004	-368915	207921	527149	867978	544216	
-4	54684.9	-89861.3	-379.925	107112	20180.4	
13	-116988	86880.4	104356	179234	105.658	
-13	-37410.9	70804.8	94902.4	124175	105.658	
1000022	-269201	140097	328271	457459	97007.2	
=== Chain event number 93, total event number 670 ===
1000001	868028	-731721	-240618	1.29155e+06	566846	
1	728297	-725254	-266296	1.06187e+06	15431.4	
11	47249.9	-29162	2137.55	55565.7	0.510959	
-11	-14866.2	-2912.1	-11824.8	19217.4	0.51097	
1000022	109041	25940.3	36708.4	152711	97007.2	
1000001	-1.09856e+06	887725	2.47266e+06	2.90365e+06	567685	
1	-383175	431511	861922	1.0742e+06	279222	
-11	-59219.4	29641.1	114732	132472	0.514014	
11	-164291	154980	466232	518057	0.639558	
1000022	-340905	196327	736692	840766	97007.2	
=== Chain event number 94, total event number 673 ===
1000001	-254898	540770	-1.30929e+06	1.54063e+06	549446	
1	153443	105877	-265887	325274	18773.8	
-13	-32877.9	73803.9	-170335	188526	105.658	
13	-4914.9	32224.8	-30785.8	44837.1	105.658	
1000022	-370549	328865	-842278	981989	97007.2	
-1000002	-100714	-207118	-1.46675e+06	1.58659e+06	559366	
-2	-32757.4	30606.8	23445.2	65302.2	41290.2	
-11	-28295.3	-5852.89	-104486	108407	0.5132	
11	-24446.2	-119680	-499220	513947	0.581485	
1000022	-15214.7	-112191	-886487	898937	97007.2	
=== Chain event number 95, total event number 684 ===
1000001	-4465.64	150416	-247999	636802	566893	
1	-213296	52336.9	32573.4	231247	64651.3	
13	15132.9	6264.77	7105.82	17853.7	105.658	
-13	27367.3	-6563.71	-67067	72732.7	105.658	
1000022	154472	100576	-194855	285230	97007.2	
1000001	65506.1	-63989.3	154078	600068	572674	
1	-119752	-238844	72742.7	277530	18556	
11	22028.5	11186.1	-20148.8	31880.3	0.511011	
-11	73808.7	95651.7	23860.4	123151	0.511245	
1000022	89421.2	68017.2	77623.4	167506	97007.2	
=== Chain event number 97, total event number 711 ===
1000004	-145093	12584.3	-215614	622807	565853	
4	42748.5	207079	-207876	297697	26491.1	
-11	-21843.1	-43158.3	27689.5	55735.7	0.511004	
11	-67139.5	-50510.8	24832.4	87611	0.511014	
1000022	-98672.6	-100592	-60405.8	181423	97007.2	
-1000004	59869.1	-108491	12768	580353	566826	
-4	-161334	69217.6	-118363	219479	57805.2	
11	32422	-26256	55262.5	69242.4	0.51098	
-11	13638.6	-40401	30517.8	52436.5	0.510966	
1000022	170785	-98133.7	35591.7	222429	97007.2	
=== Chain event number 98, total event number 713 ===
1000002	314247	-50410.5	199172	663540	547104	
2	57904	-224522	163572	303242	106942	
13	24996.6	11059.2	32873.4	42752.9	105.658	
-13	63807.4	25451	36253	77675.2	105.658	
1000022	167538	137601	-33526.3	239870	97007.2	
1000001	-45205.7	78949.9	-250627	630086	570892	
1	44633	22753.4	-328098	407007	235578	
13	5086.95	14165.4	-16312.7	22195.7	105.658	
-13	-19942.7	-18383.9	-9797.5	28838.9	105.658	
1000022	-74729	60801.5	103664	171575	97007.2	
=== Chain event number 99, total event number 728 ===
1000001	-212247	-343967	134551	715132	574411	
1	-108527	-232967	-185884	317287	8140.6	
13	-48118.5	-44655.3	69580.6	95660.6	105.658	
-13	12363.9	-42913	95496.8	105423	105.658	
1000022	-67965.2	-23430.8	155358	196761	97007.2	
-1000001	733.343	311513	225370	680284	561208	
-1	-97512.2	403553	168482	448163	10021.9	
-11	38726.7	8423.02	9362.25	40722.9	0.510974	
11	22333.5	-54722.9	50655.1	77841.7	0.510795	
1000022	37185.3	-45740.3	-3128.94	113557	97007.2	
=== Chain event number 100, total event number 733 ===
1000003	-332649	151125	-705682	979668	572948	
3	-41222.5	-67995.5	65373.3	107896	32330.8	
13	-9287.51	-3357.06	-1046.46	9931.47	105.658	
-13	-101685	109218	-360094	389790	105.658	
1000022	-180454	113260	-409915	472051	97007.2	
-1000002	338856	-149533	211451	707286	564233	
-2	-73031.4	94595	-53256.9	131232	10186.3	
-11	111494	-42651.4	35506.6	124542	0.511278	
11	17479.3	10556.8	23459.6	31101.9	0.511102	
1000022	282801	-211987	205671	420269	97007.2	
=== Chain event number 101, total event number 740 ===
1000002	-300505	30566.9	123108	649445	561592	
2	116498	112607	-8785.7	169305	48318.8	
11	-43437.7	-25157.8	-10640	51312.4	0.510971	
-11	-120620	-41035.7	79674.1	150270	0.510403	
1000022	-252945	-15846.8	62859.2	278557	97007.2	
1000003	211704	731.571	-761941	974235	569000	
3	208240	-103867	-725730	762678	29001.1	
11	28344	954.613	1436.42	28396.5	0.510961	
-11	16468.4	53206	-35880.3	66253.1	0.51063	
1000022	-41348.9	50438.3	-1766.55	116907	97007.2	
=== Chain event number 102, total event number 742 ===
1000002	-144642	-28955.6	1.62645e+06	1.72766e+06	563654	
2	-78107.5	-89701.4	56527.6	144846	60314.4	
-13	15003.6	10989.6	264087	264741	105.658	
13	-52478.9	45360.1	628417	632234	105.659	
1000022	-32607	2807.42	664717	672555	97007.2	
1000001	85420.5	28250	430160	728351	580830	
1	-89933.6	142190	418662	451976	26433	
13	-1232.83	9950.57	-12330.5	15893	105.658	
-13	92702.9	-78956.6	-3714.24	121827	105.658	
1000022	83876.2	-44928.3	27541.1	138646	97007.2	
=== Chain event number 103, total event number 754 ===
-1000002	409629	-182704	2.13577e+06	2.25445e+06	565535	
-2	-14294.4	118612	812411	821160	4295.49	
-11	146561	-75442.9	398649	431385	0.515519	
11	8306.03	6331.66	75006.2	75729.8	0.511868	
1000022	269043	-232248	849347	925810	97007.2	
1000002	-392612	174001	1.07971e+06	1.2903e+06	560978	
2	-389828	291503	714538	866418	56353.9	
-13	17080.3	-45964.7	124087	133425	105.658	
13	33307.3	-20838.6	56166.2	68543.9	105.659	
1000022	-53910	-50236	183659	220388	97007.2	
=== Chain event number 104, total event number 758 ===
1000003	-529978	15562.5	820626	1.13139e+06	570528	
3	90997.3	84653	140271	190228	32617.6	
11	-60872.3	7263.08	104196	120893	0.510596	
-11	-257005	-61191	276509	382430	0.506019	
1000022	-299428	-15600.4	293367	430552	97007.2	
-1000003	441880	-168316	977042	1.2236e+06	564798	
-3	19508.8	-96219.5	643448	651426	26292.8	
-11	28346.7	-14048.9	-2144.36	31709.7	0.510963	
11	-6360.81	-4974.48	4980.51	9487.4	0.510954	
1000022	400385	-53073.1	330758	530976	97007.2	
=== Chain event number 105, total event number 760 ===
-1000004	99771	90048.5	393734	698514	561100	
-4	-29478.7	40814.3	-107505	148162	88657.1	
13	42917.9	-6426.61	163364	169030	105.658	
-13	56115.7	37091.4	184789	196651	105.658	
1000022	30216.2	18569.5	153085	184671	97007.2	
-1000004	-118181	-130238	602673	844133	564285	
-4	-88006.7	193415	245430	328573	50692.4	
13	-6207.17	-48868.5	101644	112953	105.658	
-13	-2315.61	-130295	146479	196057	105.658	
1000022	-21651.3	-144489	109119	206551	97007.2	
=== Chain event number 108, total event number 780 ===
-1000001	-73538.4	-416201	34552.6	705438	563753	
-1	63023.8	-173481	-219646	287436	17528.8	
13	-51767.1	-97524.5	88673.1	141611	105.658	
-13	-1738.16	-57942.6	82554.2	100874	105.658	
1000022	-83057	-87252.5	82971.1	175517	97007.2	
1000001	74121.7	404371	-63895.6	704926	569058	
1	10764.6	491288	-37382.6	493277	21094	
13	32573.9	3197.19	-21152.2	38970.6	105.658	
-13	-28011.3	-37402.7	-8790.34	47548.6	105.658	
1000022	58794.5	-52711.2	3429.47	125130	97007.2	
=== Chain event number 109, total event number 783 ===
1000001	-147023	179932	180604	643325	572064	
1	125748	171342	226636	312966	37588.8	
-13	-79317.7	30010.2	-16511.2	86397.5	105.658	
13	-78340.1	-21003	-44787.9	92651.3	105.658	
1000022	-115113	-417.986	15267.2	151310	97007.2	
-1000003	114475	-168469	-377822	716150	573267	
-3	94512	-282209	-394217	501355	85883.5	
-13	-28370.1	9614.54	3634.01	30174.8	105.658	
13	-13852.5	55767.1	-7755.86	57983	105.658	
1000022	62185.7	48357.7	20517.2	126637	97007.2	
=== Chain event number 110, total event number 789 ===
1000001	555599	-71064.7	358132	880067	576645	
1	18074.2	-134869	268182	302476	32463.9	
11	16156.3	3422.15	-16143.6	23094.4	0.511006	
-11	106895	-17802.6	39456.6	115327	0.511047	
1000022	403813	80090.7	62359	427526	97007.2	
1000002	-557021	74652	-325790	862523	567417	
2	-479327	189297	-361485	632365	60222.8	
-13	-4865.48	-1620.41	31977.6	32386.4	105.658	
13	-15385.3	-26012.4	-38769.2	49157	105.658	
1000022	-57442.8	-87012.3	42486.3	148615	97007.2	
=== Chain event number 111, total event number 790 ===
1000001	-15613.5	37676.7	407929	700921	568525	
1	121504	-97160.2	-56353.2	167018	22716.2	
-11	-14921	55782.2	91961	108587	0.511049	
11	-7204.98	49801.3	74490	89893.5	0.511011	
1000022	-114589	27714.7	295310	332441	97007.2	
-1000004	24725.6	46279.6	663051	872902	565303	
-4	-229267	-48398.2	348347	420089	14953.4	
-13	28690.6	7336.52	-1379.29	29646.1	105.658	
13	96029.9	41104.7	174528	203399	105.658	
1000022	129272	46236.5	141556	219767	97007.2	
=== Chain event number 112, total event number 807 ===
1000002	112267	14896.1	572015	809861	562002	
2	245317	-68393	493854	558327	54589.2	
-13	-17885.7	-18874.9	-2104.33	26088.3	105.658	
13	-16452.1	64473.6	18096.5	68956.6	105.659	
1000022	-98463.5	37410.2	62180.8	156114	97007.2	
1000002	-111444	-2414.16	377927	689377	565673	
2	-114962	-246277	195365	335389	21207.2	
-11	8646.88	81223.4	23814.4	85083.1	0.51082	
11	15555.8	2618.73	-7749.59	17575.5	0.510911	
1000022	-20685.6	160021	166497	251329	97007.2	
=== Chain event number 113, total event number 808 ===
1000002	-335942	-5094.33	183936	687174	570519	
2	-141150	234643	-21512.5	274689	3177.31	
-11	-70123.3	-45994.5	49827.2	97547.6	0.510899	
11	-7178.91	-81354	60826.5	101833	0.510687	
1000022	-109789	-107324	89361.2	202405	97007.2	
-1000002	732065	174889	262836	978255	566917	
-2	631730	-48136.9	194245	666759	73731.8	
-13	24045.7	21227.2	-19628.4	37604.2	105.658	
13	-3508.12	-10285.2	11303.2	15680.1	105.658	
1000022	79797.6	212083	76915.8	258212	97007.2	
=== Chain event number 115, total event number 834 ===
1000002	-262560	2799.73	2.36129e+06	2.4415e+06	562424	
2	-131684	-4043.66	2.06677e+06	2.07213e+06	69409	
11	1193.26	-9005.2	-5776.31	10764.9	0.51099	
-11	12331.7	-13105.3	16309.3	24286.1	0.510955	
1000022	-144439	28966.8	283926	334254	97007.2	
1000001	254902	3696.18	1.22165e+06	1.37247e+06	571195	
1	-68892.7	16548.6	814570	821779	82319.6	
13	53281.5	12380.9	103917	117435	105.658	
-13	87293.7	-32760.7	136102	164976	105.658	
1000022	176802	6107.87	154553	254152	97007.2	
=== Chain event number 116, total event number 835 ===
1000002	286680	-115409	-543735	842263	564141	
2	246670	-269767	-228596	445703	113025	
-11	23964.9	40225.3	-26467.3	53785.8	0.511084	
11	-931.675	73734.2	-132623	151745	0.51194	
1000022	20106.7	38378.7	-150606	184309	97007.2	
-1000002	-323859	48985.2	585153	890018	585187	
-2	-252440	-80259.8	599843	656477	31349.2	
-13	-6839.74	-13878.8	11108.7	19047.8	105.658	
13	-7122.27	83441.4	-23197.5	86898.4	105.658	
1000022	-57457.3	59682.3	-2601.03	127595	97007.2	
=== Chain event number 117, total event number 837 ===
1000002	182758	321558	-1.01931e+06	1.22199e+06	563425	
2	146396	402489	-467482	634691	29397.1	
13	36918.7	-29890.8	-153611	160788	105.658	
-13	12787.4	-52952.9	-130293	141223	105.658	
1000022	-13355.5	1957.52	-267817	285164	97007.2	
1000004	-87786.8	-272420	154729	655036	568518	
4	72176.6	-77438.5	-169102	206713	54116.7	
13	3997.9	5303.15	-2935.38	7261.83	105.658	
-13	-28698.2	-56578.7	26616.6	68798.2	105.658	
1000022	-134931	-143088	299886	371514	97007.2	
=== Chain event number 118, total event number 841 ===
1000001	52943.9	-122492	-516174	782241	572415	
1	161842	-126365	-519196	571520	122104	
13	13861	-11993.4	9562.45	20674.2	105.658	
-13	-2902.73	30784.1	-16054.9	34840.5	105.658	
1000022	-119857	-14917.1	9514.71	155207	97007.2	
-1000001	43925.6	155379	41992.2	592670	568703	
-1	-7022.24	170713	254904	308623	32858.4	
13	35475.8	11984.5	-37896	53275.5	105.658	
-13	-8305.49	-41499.8	-80029.1	90531.1	105.658	
1000022	20864.7	13338.2	-91649.1	135732	97007.2	
=== Chain event number 119, total event number 846 ===
1000002	-364786	-129235	2.96811e+06	3.04573e+06	563068	
2	-269887	-130547	2.65424e+06	2.67151e+06	45797.3	
11	17769.1	-9264.26	37203.1	42256.8	0.511046	
-11	-9020.63	3450.24	119339	119729	0.511655	
1000022	-103770	7080.1	156810	211703	97007.2	
-1000001	231129	108737	443820	766067	569770	
-1	201316	296987	285531	459613	31405.6	
-13	13359.9	3202.75	-6527.26	15210.6	105.658	
13	40567.8	-81146	71961.8	115797	105.658	
1000022	-24115.3	-110307	92853.8	175446	97007.2	
=== Chain event number 120, total event number 848 ===
1000001	82676.6	-20600.8	375095	679899	560630	
1	-202351	48819.5	71385.8	220748	17449.4	
-13	54588.1	-10676.1	99089.7	113634	105.658	
13	334.143	-8266.4	39214.7	40078	105.659	
1000022	230776	-49733.3	163009	302842	97007.2	
1000001	-94575.5	50321.1	571248	821218	580170	
1	-179797	151320	547772	596393	20170.3	
11	32997.6	-46674.9	24883.5	62342.3	0.510982	
-11	-11213.5	14033.8	19172.2	26272.8	0.510983	
1000022	63458.9	-68384.9	-20616.6	136158	97007.2	
=== Chain event number 121, total event number 849 ===
1000002	22935.5	173739	-1.00318e+06	1.16771e+06	571370	
2	149024	178858	-875285	913120	116039	
13	-29366.9	-15920.6	-58780.4	67609.3	105.658	
-13	-55801.7	34130	-32921.1	73229	105.658	
1000022	-40920	-23328.6	-36191.2	113749	97007.2	
1000003	13372.6	-166412	530723	795242	568218	
3	183019	82723.2	341808	396449	500	
-11	-30307.1	-78167.7	20583.4	86327.2	0.511037	
11	-31642.1	-43782.9	88661.5	103822	0.511165	
1000022	-107697	-127185	79670.3	208644	97007.2	
=== Chain event number 122, total event number 882 ===
1000003	254562	351400	-1.13206e+06	1.33852e+06	567265	
3	-89801.5	17128.6	-514014	535508	119169	
-13	119650	128837	-211309	274893	105.658	
13	130671	104260	-191049	253860	105.659	
1000022	91618.4	99155.8	-211825	269270	97007.2	
1000002	-318753	-487709	1.08469e+06	1.3533e+06	561602	
2	-209415	-163753	81638.4	278341	11801.6	
-11	-10132.3	-97569.3	309077	324270	0.508947	
11	-60776	-131588	348018	376995	0.505071	
1000022	-37977.6	-93820.4	343369	370887	97007.2	
=== Chain event number 123, total event number 885 ===
1000001	-117537	209096	-2.20499e+06	2.2864e+06	555093	
1	-83790.7	338431	-965362	1.02662e+06	21475	
13	18662.7	1074.46	-199730	200602	105.658	
-13	-27318.4	-71668.5	-570388	575522	105.658	
1000022	-25090.8	-58741.4	-469506	483660	97007.2	
1000001	108992	-263885	-810575	1.04547e+06	595375	
1	285276	-288343	-476056	625828	22514.3	
-13	-37469.9	-27603	-62780.2	78149.1	105.658	
13	-15178.3	47124.6	-63529.9	80542.9	105.659	
1000022	-123602	4828.89	-208063	260771	97007.2	
=== Chain event number 124, total event number 894 ===
1000001	-50194.1	312977	-271797	704357	567249	
1	56350.2	202955	-380330	444037	90286.1	
13	-17931.4	22224.7	-16131.8	32798.2	105.658	
-13	-8927.97	28213.9	-12627.7	32174.6	105.658	
1000022	-79683.9	59580.9	137294	195344	97007.2	
1000002	60780.1	-327622	-781588	1.0192e+06	562902	
2	74680.4	-259808	-780457	826026	11365.2	
13	6310.29	-41177.9	-14028.4	43957.3	105.658	
-13	4621.86	23396.9	27418.8	36339.7	105.658	
1000022	-24832.4	-50033.2	-14522.1	112877	97007.2	
=== Chain event number 125, total event number 909 ===
1000002	868010	-128840	70255.7	1.04743e+06	567569	
2	810607	-169090	143489	840552	16242.6	
-13	18337	22524	-45345.3	53849.7	105.658	
13	34993.3	28761.6	-30180	54429.8	105.658	
1000022	3550.68	-11471.9	2738.52	97786	97007.2	
-1000004	-748345	125476	212129	970909	567362	
-4	-437310	190640	-53373.5	519239	197932	
-13	-68239.2	-44452	55006.3	98276.5	105.658	
13	-31637.9	-4905.11	-8311.83	33077.4	105.658	
1000022	-208403	-13383.5	215333	315261	97007.2	
=== Chain event number 126, total event number 911 ===
-1000002	-353896	251858	836524	1.09837e+06	563883	
-2	-402882	40605.5	389272	569601	94603.3	
-13	-3974.26	1354.09	72893.4	73014.3	105.658	
13	10877.5	-10671.7	24876.5	29172.9	105.658	
1000022	42082.4	220571	349482	426580	97007.2	
1000002	279234	-57206.5	1.00864e+06	1.20115e+06	586661	
2	60009.2	-277338	544543	614281	17242.6	
11	2318.18	-10104.2	6484.31	12227.6	0.511015	
-11	105531	81553.4	224907	261478	0.512904	
1000022	111375	148682	232705	313166	97007.2	
=== Chain event number 127, total event number 912 ===
-1000003	424065	497610	650039	1.09179e+06	584812	
-3	300255	-8823.32	112790	321765	24089.3	
-11	31208.9	81259.4	47205.3	99022.4	0.510899	
11	-8969.15	117493	98314.7	153463	0.51076	
1000022	101570	307680	391729	517538	97007.2	
1000002	-421971	-492387	192378	880842	564242	
2	-221636	-93994.8	-155737	287065	13963.7	
-13	-41532.1	-132552	86956.5	163879	105.658	
13	-75854.1	-57828.8	95227.2	134782	105.658	
1000022	-82948.1	-208011	165931	295115	97007.2	
=== Chain event number 128, total event number 916 ===
-1000004	172634	191092	-714357	946775	565473	
-4	62910.9	340079	-505987	614826	48753.6	
11	-5233.25	-32379.6	-3941.37	33035.7	0.510989	
-11	43216	-22611.2	-7158.16	49296.3	0.510963	
1000022	71738.5	-93995.6	-197270	249615	97007.2	
1000004	-186153	-240312	-137704	654157	562633	
4	-104927	58930.9	-206207	288975	162797	
11	-337.122	4203.73	-6669.83	7891.24	0.511006	
-11	-55069.1	-72358.2	1101.7	90937	0.511425	
1000022	-25807.4	-232194	75988.1	264130	97007.2	
=== Chain event number 130, total event number 929 ===
-1000003	-12265.4	174314	-252989	644522	566453	
-3	-251904	133412	-83895.2	297771	19367.3	
-13	90534.1	29703.4	-52134.3	108613	105.658	
13	-3662.17	-4023.86	13484.5	14541.1	105.658	
1000022	152767	15222.7	-130444	223597	97007.2	
1000002	108411	-386861	-335896	772961	568531	
2	-165637	-137154	35475.3	218066	6893.85	
13	25032.6	-7561.89	-64362.1	69471.6	105.658	
-13	8976.78	10469.5	-16360.2	21397.6	105.658	
1000022	240039	-252614	-290649	464025	97007.2	
=== Chain event number 131, total event number 936 ===
1000002	301416	327971	1.04638e+06	1.27017e+06	565686	
2	-60384	104498	-2339.9	124235	29371.3	
11	37300.6	-6540.7	109331	115703	0.510885	
-11	125194	106505	447831	477042	0.500454	
1000022	199305	123509	491558	553188	97007.2	
1000002	-215231	-207944	-255742	696240	574266	
2	-72155.3	-266093	-345744	442283	7926.63	
13	-39112.4	-17501	5692.08	43225.8	105.658	
-13	-76570.1	26886.7	35053.8	88400.5	105.658	
1000022	-27392.8	48763.3	49256.5	122331	97007.2	
=== Chain event number 133, total event number 975 ===
1000001	-823273	586342	709759	1.35913e+06	567367	
1	-433257	376308	665588	878822	325	
11	-102962	80802.7	-3024.24	130918	0.510967	
-11	-54249.1	-2242.68	35227.7	64722.4	0.511033	
1000022	-232804	131473	11967.1	284669	97007.2	
-1000002	796042	-576826	124325	1.14146e+06	566616	
-2	206433	-360089	236646	478318	22548.8	
11	155230	-84975.4	-22929	178446	0.510405	
-11	-5882.32	-4892.78	-3423.13	8382.06	0.510925	
1000022	437390	-125297	-85544.7	473009	97007.2	
=== Chain event number 134, total event number 976 ===
1000002	-253430	-76931.1	-489493	789031	559305	
2	-177488	-275097	-184759	376207	14684.3	
13	-1152.66	8552.86	-63295.6	63881.3	105.658	
-13	-49992.7	24303.2	-64777.8	85358.6	105.658	
1000022	-24652.6	164370	-169767	256625	97007.2	
-1000002	94497.1	183287	-408090	727272	565565	
-2	51188.5	346847	-263295	440698	44356.7	
-11	28390.7	-56190.5	-60920.6	87605.5	0.51106	
11	-34020.8	-24666.5	-8087.94	42793.3	0.511056	
1000022	48944.1	-82699.8	-75785.5	156169	97007.2	
=== Chain event number 135, total event number 983 ===
1000002	407014	-179769	570540	918296	565486	
2	678.255	-211904	31403.4	218773	44404.9	
-13	86675.1	34276.1	87072.4	127550	105.658	
13	124880	29258.1	135768	186773	105.658	
1000022	194780	-31399.3	316296	385200	97007.2	
1000001	-435174	195174	232312	781308	573589	
1	-234840	295321	-43599.2	382790	47567.8	
13	-7831.31	-22785.7	-232.206	24095.3	105.658	
-13	-88573.3	-25546.6	58114.7	108973	105.658	
1000022	-103900	-51732.8	218027	265363	97007.2	
=== Chain event number 136, total event number 990 ===
1000002	-815462	111045	-247400	1.02492e+06	558519	
2	-306824	60304.6	154978	349850	24473.7	
-11	-107258	-12531.9	-110559	154547	0.511193	
11	-108442	-2104.3	-118371	160549	0.511475	
1000022	-292938	65376.8	-173449	359974	97007.2	
-1000002	695465	-23669	-228346	921365	559052	
-2	460732	-218782	-21604.6	510954	21620.8	
-13	38687.3	7530.85	1066.74	39428	105.658	
13	37521.9	9648.12	-67729.6	78027.5	105.658	
1000022	158524	177934	-140079	292955	97007.2	
=== Chain event number 137, total event number 992 ===
1000002	65187	416287	-1.26678e+06	1.45038e+06	566846	
2	-47053.4	-118960	-270984	300062	15471.4	
-13	51624.2	189071	-340276	392684	105.658	
13	57039.7	146889	-251263	296586	105.658	
1000022	3576.4	199286	-404259	461046	97007.2	
-1000002	-350932	-266611	-686757	992528	565016	
-2	-72006.7	112488	-378114	401517	20172	
-13	-24464	-67243.3	-75574.8	104075	105.658	
13	-116505	-126982	-131911	217022	105.659	
1000022	-137951	-184867	-101150	269904	97007.2	
Total number of events including wrong ones: 1000
Number of events passing veto tests: 137
Number of events passing veto and momentum conservation tests: 114
Note that three-body decays of neutralino2 and slepton with gamma are accepted and gamma momentum discarded.
