=== Chain event number 1, total event number 6 ===
1000004	130194	-161001	-619790	866602	569199	
4	265013	15538.1	-478541	547530	17708	
11	-2772.3	-56778.4	-31218.8	64854.4	0.511021	
-11	-78430.5	-22243.3	-40659.2	91100.3	0.511122	
1000022	-53617.1	-97517.7	-69370.3	163117	97007.2	
-1000004	-151015	152281	593442	852774	573633	
-4	-101321	328334	257088	429542	18529.8	
13	5331.9	-48321.3	113920	123859	105.658	
-13	7347.33	-25932.3	-2278.32	27049.4	105.658	
1000022	-62373.8	-101799	224713	272323	97007.2	
=== Chain event number 2, total event number 12 ===
1000004	-397817	-55372.2	1.13918e+06	1.33339e+06	564683	
4	-452545	-153252	788967	923827	51987.2	
-13	16951.2	50899	63533.1	83153.6	105.658	
13	-14275.9	-21917.3	45512.3	52493.3	105.659	
1000022	52053.3	68898.7	241167	273913	97007.2	
1000002	476309	37854.3	487559	886409	565424	
2	420056	59545.2	538368	689591	75514.9	
-13	4985.25	27313.1	-17354.1	32741.9	105.658	
13	-24.7371	-24618.4	26919	36478.9	105.658	
1000022	51292.3	-24385.6	-60374.6	127597	97007.2	
=== Chain event number 3, total event number 85 ===
1000002	210769	482128	-558894	941016	544315	
2	172983	531974	-360631	665800	17742	
13	23755.3	19101.7	-25836.7	39959.2	105.658	
-13	38276.2	-14594.2	-74933.1	85399.3	105.658	
1000022	-24245.1	-54353.9	-97493.3	149858	97007.2	
1000001	-221171	-479630	-1.6167e+06	1.79268e+06	566569	
1	-282510	-70010.2	-896046	942132	325	
-11	33600.9	-32235.8	-64887.1	79865.5	0.51087	
11	29081.5	-22046.1	-61593.3	71592.6	0.510607	
1000022	-1343.84	-355338	-594177	699088	97007.2	
=== Chain event number 4, total event number 99 ===
1000002	-235835	213086	244070	687633	558789	
2	-325028	139218	301852	465682	26827.8	
-13	43836.6	40169.1	-12902	60841.3	105.658	
13	40528.7	-14468.3	1801.51	43071.6	105.658	
1000022	4828.43	48167.2	-46682.2	118038	97007.2	
-1000003	184171	-153317	586246	849290	565848	
-3	156756	-258305	559754	637226	37928.1	
11	-3492.89	32743.2	-23601.5	40513.6	0.510904	
-11	-23659.4	-5342.93	22526.6	33102.3	0.510777	
1000022	54567.8	77588	27567.1	138448	97007.2	
=== Chain event number 5, total event number 121 ===
-1000001	320369	-190282	-422711	801612	570134	
-1	-137376	-64779	-187135	241893	20600.1	
13	66394.7	-26280.2	-1790.99	71429.2	105.658	
-13	74495.1	-27194.4	-5490.94	79493.5	105.658	
1000022	316855	-72028	-228294	408796	97007.2	
1000002	-454017	274050	119792	785586	567064	
2	-225651	-86927.7	-111554	267404	24207.5	
-13	-63965.5	88173.8	89441.6	140947	105.658	
13	14656	14703.2	8407.17	22398.1	105.658	
1000022	-179056	258101	133497	354837	97007.2	
=== Chain event number 6, total event number 132 ===
1000001	-258930	-74300.4	-481723	786515	560341	
1	-5051.16	157255	-136456	267090	167219	
-13	-8665.98	-36398	-10469.5	38852.8	105.658	
13	-52883.4	-931.057	-34931.2	63385.4	105.658	
1000022	-192329	-194226	-299866	417186	97007.2	
-1000001	71177.7	-54173.5	-147848	597596	572068	
-1	-30061.8	-208082	-208699	332732	151505	
-11	-15411.8	29326.8	17269.8	37360.8	0.511007	
11	-3982.58	51194.2	17299.7	54184.8	0.511041	
1000022	120634	73387	26281.8	173319	97007.2	
=== Chain event number 7, total event number 144 ===
1000001	-226809	-773761	720786	1.22234e+06	569598	
1	30583.1	-92046.5	-65983.4	134908	66622.9	
-13	-27960.8	-140056	118593	185638	105.658	
13	-48255.1	-207170	220783	306583	105.658	
1000022	-181176	-334489	447394	595214	97007.2	
1000002	203817	791312	-1.40508e+06	1.72054e+06	564173	
2	52169.7	163795	-9328.68	172180	2928.05	
-11	68601.9	160190	-363189	402831	0.509391	
11	40904.8	48970.6	-113586	130281	0.509304	
1000022	42140.2	418356	-918980	1.01525e+06	97007.2	
=== Chain event number 8, total event number 160 ===
1000002	194574	-217254	-176037	663367	569217	
2	233062	-121803	-317309	412214	9049.25	
13	9032.23	-26181.9	-6520.44	28453.5	105.658	
-13	-16801.1	18995.3	4007.87	25674.4	105.658	
1000022	-30718.5	-88264	143785	197024	97007.2	
1000001	-195789	212377	-567647	852117	566078	
1	145794	201023	-209338	325132	14911.4	
-13	-115213	21073.1	-93027.7	149574	105.658	
13	-82786.4	31013.8	-66816.3	110815	105.658	
1000022	-143583	-40733.3	-198466	266597	97007.2	
=== Chain event number 9, total event number 186 ===
1000002	295527	-318339	23380.5	711230	562694	
2	-111975	-47665.6	-86074.9	178493	98186.3	
-13	-5562.33	-185.146	5837.7	8066.21	105.658	
13	169266	-139805	23524.2	220793	105.658	
1000022	243799	-130683	80093.5	303877	97007.2	
-1000003	-288711	326729	355414	802191	571914	
-3	38272.1	-29932.1	-101202	112885	11850.9	
-11	-31259.8	165.714	25447.2	40308.3	0.510993	
11	-151257	195829	201868	319340	0.511942	
1000022	-144466	160666	229301	329657	97007.2	
=== Chain event number 10, total event number 189 ===
1000002	222355	161169	-415075	753852	566205	
2	328298	224712	-200137	447295	41747.1	
11	-29800.4	19529.9	-36638.4	51106.3	0.510989	
-11	-30574.3	18032.4	-37957.9	51968.8	0.510968	
1000022	-45568.4	-101105	-140342	203482	97007.2	
1000002	-226022	-165915	431347	766108	567669	
2	-121542	92648.9	401552	432666	50990	
13	-1936.27	8701.07	8465.53	12293.7	105.658	
-13	-68328.3	-134787	-5878.45	151231	105.658	
1000022	-34214.8	-132478	27208.4	169917	97007.2	
=== Chain event number 11, total event number 191 ===
1000001	187641	-389178	-355911	800698	572518	
1	299831	-241114	-379160	540755	24883.3	
13	-4858.53	14584.5	7452.25	17083.9	105.658	
-13	-24156.8	-76829.4	34857.4	87757.3	105.658	
1000022	-83174.7	-85818.8	-19060.8	155102	97007.2	
1000001	-271163	394456	277440	796577	573094	
1	47503.7	64338.9	-132813	155194	7064.66	
-11	-97921.1	118345	149938	214652	0.51153	
11	-58730.2	74632.7	31929.6	100194	0.511464	
1000022	-162016	137139	228385	326537	97007.2	
=== Chain event number 12, total event number 202 ===
1000002	899299	341601	-670774	1.30058e+06	562262	
2	473622	429629	-340861	725845	42019.7	
13	66543.6	3455.93	-16840.5	68728.5	105.658	
-13	15932.5	-17719.3	-54118.6	59132.5	105.658	
1000022	343201	-73765	-258954	446873	97007.2	
1000002	-1.02952e+06	251450	1.27577e+06	1.74809e+06	552354	
2	-55265.7	93104.2	-18363.6	110547	12679.5	
-13	-207058	65267.5	291375	363362	105.658	
13	-150128	25454	139677	206630	105.658	
1000022	-617063	67624.7	863078	1.06755e+06	97007.2	
=== Chain event number 13, total event number 226 ===
1000001	112628	183101	802672	1.00519e+06	565609	
1	92638.9	339851	394964	532194	56153.5	
-13	-703.105	-54308.2	152365	161756	105.658	
13	1769.76	-28875.6	138323	141316	105.658	
1000022	18922.6	-73566.3	117020	169924	97007.2	
1000002	-78507.5	-193895	415906	734980	568735	
2	201066	-150860	97544.8	272511	39513.7	
-13	-21756.2	-22202.1	67871	74650.9	105.658	
13	-9779.62	-3202.54	57569.4	58482	105.658	
1000022	-248037	-17630.4	192921	329336	97007.2	
=== Chain event number 14, total event number 251 ===
1000004	4804.6	-58380	609802	835099	567539	
4	-174250	-40049.9	542240	571495	24787.2	
13	53484.5	21517.4	29442.4	64733.8	105.658	
-13	2159.01	17011.4	26433.1	31508.2	105.658	
1000022	123411	-56859	11686.6	167363	97007.2	
-1000004	21580.9	60659.6	1.46277e+06	1.56465e+06	551626	
-4	201275	-105139	409504	468446	13480.6	
-13	-13013.4	-1397.29	172990	173485	105.658	
13	-93773.6	76212.9	312897	335420	105.658	
1000022	-72907.3	90983	567378	587300	97007.2	
=== Chain event number 15, total event number 253 ===
-1000002	-150425	124940	620001	861690	565572	
-2	-24790.2	-88145.6	536270	544320	17740.6	
11	-44826.6	41380.3	45496.7	76103.2	0.510765	
-11	20972.9	39743.2	1465.14	44961.4	0.510541	
1000022	-101781	131962	36768.4	196305	97007.2	
1000001	180229	-53729.4	780274	979391	561258	
1	215838	-80303.5	70377.5	245602	48298.9	
-11	-14421.4	36578.4	131682	137427	0.510622	
11	-43827.5	-5623.81	227386	231639	0.50828	
1000022	22639.7	-4380.42	350829	364723	97007.2	
=== Chain event number 16, total event number 273 ===
1000002	657893	123772	202809	900534	567176	
2	96696.5	223257	-53657.5	250045	21204	
11	143534	2989.32	48445.1	151519	0.510906	
-11	5734.58	13378.2	4038.52	15105.3	0.510956	
1000022	411927	-115853	203983	483865	97007.2	
-1000001	-729535	6038.29	-53429.9	921586	560543	
-1	-456425	56392.5	-262363	530073	25275.1	
-13	-13300.9	-27216.5	35720.4	46836	105.658	
13	-25178.2	-19693.3	57172.7	65501.9	105.658	
1000022	-234631	-3444.51	116039	279176	97007.2	
=== Chain event number 17, total event number 361 ===
1000001	397239	-640695	-1.10562e+06	1.45373e+06	568013	
1	290705	-280791	-786531	929121	285099	
-11	43546.7	-73771.6	-37736.5	93608.8	0.510789	
11	12163.3	5692.76	-20721.3	24692.6	0.510873	
1000022	50823.1	-291824	-260630	406304	97007.2	
-1000002	-297979	781912	356490	1.07179e+06	566991	
-2	-393707	671876	271322	824687	8359.9	
11	23985	43792.8	-6235.19	50318.6	0.510901	
-11	45925.2	-10867	18370.2	50642.7	0.510754	
1000022	25811.1	77111.3	73029.8	146137	97007.2	
=== Chain event number 18, total event number 368 ===
1000002	522694	222494	-2.37169e+06	2.50184e+06	558212	
2	180357	-150233	-1.02104e+06	1.04826e+06	35132.2	
13	8957.52	29350.9	-148721	151854	105.658	
-13	53074.5	106925	-326988	348096	105.658	
1000022	280305	236451	-874940	953631	97007.2	
-1000004	-323254	-157550	-515295	828807	540442	
-4	-149053	109894	-405586	446148	15953.3	
-11	-16062.1	-41440.6	-47852.8	65308.5	0.511329	
11	14174.3	-22843.8	-12222.5	29532	0.5115	
1000022	-172313	-203160	-49633.6	287819	97007.2	
=== Chain event number 19, total event number 388 ===
1000002	257429	198721	-1.30608e+06	1.45998e+06	565647	
2	359373	142991	-539260	663725	11578.7	
-13	-35470.6	26595	-278554	282060	105.658	
13	-19262.9	-16615.9	-22633.8	34050.7	105.658	
1000022	-47210.2	45750.8	-465627	480147	97007.2	
1000003	-295472	-147406	546967	862193	578941	
3	100040	67515.7	-12801.4	121597	7458.73	
-13	-142607	-55490.8	171028	229492	105.658	
13	-132299	-68937.7	212999	260046	105.658	
1000022	-120606	-90492.7	175742	251058	97007.2	
=== Chain event number 20, total event number 412 ===
-1000001	264825	360750	-754133	1.04914e+06	575939	
-1	286588	315424	-455388	696564	310160	
-13	21773	15740.6	-86106.5	90200.7	105.658	
13	-23620.8	42102.3	-105058	115619	105.658	
1000022	-19914.6	-12517.2	-107581	146756	97007.2	
1000002	-30345.5	-331128	-1.69443e+06	1.82392e+06	587370	
2	142136	100352	-472733	504448	26807.5	
11	-58646.2	-121005	-401950	423846	0.51469	
-11	-40511.1	-25209.8	-75009.6	88899.5	0.51211	
1000022	-73324.4	-285266	-744739	806722	97007.2	
=== Chain event number 21, total event number 448 ===
-1000004	753871	216898	1.17131e+06	1.51817e+06	563495	
-4	593597	239112	524365	827350	4178.94	
-13	12085.8	16217.4	15710.1	25610.3	105.658	
13	-863.021	-31603.6	108825	113325	105.658	
1000022	149052	-6827.63	522405	551888	97007.2	
1000002	-818271	-216291	1.42836e+06	1.75427e+06	566491	
2	-124310	92175.8	44397.1	165370	37773	
-11	-253312	-116534	500237	572699	0.521729	
11	-116856	-47802.1	311962	336543	0.524068	
1000022	-323792	-144130	571759	679657	97007.2	
=== Chain event number 22, total event number 456 ===
1000004	-28006.3	-83930.9	-289171	644445	569088	
4	-172893	101025	-283066	348205	31979.9	
13	-5608.23	-31525.3	-18936.2	37200.6	105.658	
-13	-6744.38	-12512	-19822.4	24392.1	105.658	
1000022	157239	-140919	32653.6	234647	97007.2	
-1000004	-104370	-175027	-346503	693964	565680	
-4	-127410	37261.4	-386012	411690	53493.4	
11	-10045.5	-40617.3	36763.5	55697.7	0.510963	
-11	-15728.4	-59335.1	-27779.9	67377.8	0.510851	
1000022	48813.9	-112336	30524.9	159199	97007.2	
=== Chain event number 23, total event number 485 ===
1000004	240185	-246999	32796	661611	563876	
4	222141	-250873	219634	401277	22371.7	
11	2850.16	-27154.1	-8758.41	28673.7	0.510962	
-11	32145.2	-9359.38	-14478	36476.4	0.510862	
1000022	-16958.2	40389.2	-163598	195176	97007.2	
-1000004	-188784	231272	-161575	658963	564800	
-4	-166733	336768	-226602	438964	11326.2	
-11	-8419.29	-382.713	-20378.8	22052.8	0.510981	
11	26729.8	-55503.4	20926.4	65061.7	0.510713	
1000022	-40361.8	-49609.8	64480	132884	97007.2	
=== Chain event number 24, total event number 592 ===
1000002	178290	398570	-1.09928e+06	1.31223e+06	568231	
2	96826.4	-81669.4	-512741	528765	25373.7	
13	6710.04	-4168.47	-4775.17	9231.15	105.658	
-13	8772.96	165633	-245381	296181	105.658	
1000022	65981	318774	-336380	478050	97007.2	
-1000003	-227839	-381649	-1.09358e+06	1.30101e+06	546925	
-3	-90116.8	120458	-244393	288722	31644.5	
11	-9886.45	-11818.6	-3482.61	15797.1	0.51098	
-11	-826.063	-5630.49	2794.41	6339.84	0.510958	
1000022	-127009	-484658	-848503	990148	97007.2	
=== Chain event number 25, total event number 594 ===
1000002	94900.8	-87861	-77790.5	587368	567648	
2	112081	-156268	-237728	336223	139820	
13	-12234.2	-16225	41591.7	46290.4	105.658	
-13	15025.5	17365.3	73502.9	77006.5	105.658	
1000022	-19971.3	67266.8	44843.2	127848	97007.2	
1000001	-86653.9	116718	-84459.1	593730	569429	
1	-125381	-78944.5	168254	224722	15414.6	
-11	34535.5	44515.4	-80810.7	98512.4	0.511039	
11	-5295.01	-15151.8	-14633.8	21720.1	0.511022	
1000022	9487.05	166299	-157269	248776	97007.2	
=== Chain event number 26, total event number 597 ===
-1000001	300800	59417	-194402	679083	573891	
-1	302562	176751	-277565	448409	35264.6	
-13	14757.3	-16452.5	-16756.1	27735.2	105.658	
13	13000.3	-42297.7	-6471.37	44721.3	105.658	
1000022	-29519.5	-58583.6	106391	158218	97007.2	
1000004	-310349	-80815.4	-639309	911324	564754	
4	-424119	-89707.8	-393379	585702	19368.8	
13	9608.64	-16798.7	2327.9	19492.4	105.658	
-13	19728.7	-21618.8	-100216	104402	105.658	
1000022	84432.5	47309.8	-148043	201728	97007.2	
=== Chain event number 27, total event number 600 ===
-1000004	390386	-362942	-937698	1.21878e+06	567466	
-4	481182	-217679	-639898	830767	42243.6	
13	-45047.8	-33506.6	-40231	69069.1	105.658	
-13	1614.49	-45741.8	-20360.7	50094.8	105.658	
1000022	-47362.9	-66015	-237208	268848	97007.2	
1000004	-372391	349349	-1.39175e+06	1.58403e+06	558090	
4	-31343.8	-127386	-159615	207709	21365.9	
-13	-126492	175622	-429191	480674	105.658	
13	-44752.4	12555.3	-124453	132849	105.658	
1000022	-169803	288558	-678496	762801	97007.2	
=== Chain event number 28, total event number 614 ===
1000001	15306.9	385346	356597	772747	566791	
1	26225.8	54647.7	383634	394946	71644.7	
-11	-2835.59	44992	-35931.6	57648.9	0.510995	
11	-17146.5	8101.55	17523.7	25820.9	0.510989	
1000022	9063.25	277604	-8629.22	294332	97007.2	
1000002	-9760.99	-388567	-477619	851959	588757	
2	-117009	-335008	-45878.4	368958	90018.1	
-11	55434.4	-22769.9	-116836	131309	0.511155	
11	-1445.03	-9059.01	6389.57	11179.5	0.511034	
1000022	53258.6	-21729.3	-321294	340513	97007.2	
=== Chain event number 29, total event number 633 ===
-1000001	-161305	-143967	343774	701757	572308	
-1	-316587	-68620.6	199590	413482	161847	
11	40573.5	14811.3	14163.7	45455.4	0.51107	
-11	-8221.69	-30708.1	1734.77	31837	0.511113	
1000022	122931	-59448.9	128285	210982	97007.2	
-1000002	281281	113149	-441294	768819	551743	
-2	315674	95195	-476916	580943	36531.5	
-11	20322.8	-13515.2	-6304.87	25207.7	0.511013	
11	-22474.5	30746.4	46780.5	60323	0.511125	
1000022	-32239.8	721.182	-4856.66	102342	97007.2	
=== Chain event number 30, total event number 653 ===
1000001	114996	158780	-657836	894494	573530	
1	115524	321543	-271369	438016	38489.8	
-13	-31327.3	-46147.2	-84109.4	100923	105.658	
13	35471.9	-1094.58	-70062.9	78538.3	105.658	
1000022	-4673.14	-115521	-232295	277017	97007.2	
-1000001	-142155	-117303	-1.15567e+06	1.30099e+06	568351	
-1	1267.56	-226994	-237778	348291	115070	
-11	-871.911	-3923.91	1578.71	4318.52	0.511035	
11	3086.46	-14391.1	-81049.1	82374.6	0.512397	
1000022	-145638	128006	-838419	865998	97007.2	
=== Chain event number 31, total event number 673 ===
1000001	-254898	540770	-1.30929e+06	1.54063e+06	549446	
1	153443	105877	-265887	325274	18773.8	
-13	-32877.9	73803.9	-170335	188526	105.658	
13	-4914.9	32224.8	-30785.8	44837.1	105.658	
1000022	-370549	328865	-842278	981989	97007.2	
-1000002	-100714	-207118	-1.46675e+06	1.58659e+06	559366	
-2	-32757.4	30606.8	23445.2	65302.2	41290.2	
-11	-28295.3	-5852.89	-104486	108407	0.5132	
11	-24446.2	-119680	-499220	513947	0.581485	
1000022	-15214.7	-112191	-886487	898937	97007.2	
=== Chain event number 32, total event number 728 ===
1000001	-212247	-343967	134551	715132	574411	
1	-108527	-232967	-185884	317287	8140.6	
13	-48118.5	-44655.3	69580.6	95660.6	105.658	
-13	12363.9	-42913	95496.8	105423	105.658	
1000022	-67965.2	-23430.8	155358	196761	97007.2	
-1000001	733.343	311513	225370	680284	561208	
-1	-97512.2	403553	168482	448163	10021.9	
-11	38726.7	8423.02	9362.25	40722.9	0.510974	
11	22333.5	-54722.9	50655.1	77841.7	0.510795	
1000022	37185.3	-45740.3	-3128.94	113557	97007.2	
=== Chain event number 33, total event number 740 ===
1000002	-300505	30566.9	123108	649445	561592	
2	116498	112607	-8785.7	169305	48318.8	
11	-43437.7	-25157.8	-10640	51312.4	0.510971	
-11	-120620	-41035.7	79674.1	150270	0.510403	
1000022	-252945	-15846.8	62859.2	278557	97007.2	
1000003	211704	731.571	-761941	974235	569000	
3	208240	-103867	-725730	762678	29001.1	
11	28344	954.613	1436.42	28396.5	0.510961	
-11	16468.4	53206	-35880.3	66253.1	0.51063	
1000022	-41348.9	50438.3	-1766.55	116907	97007.2	
=== Chain event number 34, total event number 760 ===
-1000004	99771	90048.5	393734	698514	561100	
-4	-29478.7	40814.3	-107505	148162	88657.1	
13	42917.9	-6426.61	163364	169030	105.658	
-13	56115.7	37091.4	184789	196651	105.658	
1000022	30216.2	18569.5	153085	184671	97007.2	
-1000004	-118181	-130238	602673	844133	564285	
-4	-88006.7	193415	245430	328573	50692.4	
13	-6207.17	-48868.5	101644	112953	105.658	
-13	-2315.61	-130295	146479	196057	105.658	
1000022	-21651.3	-144489	109119	206551	97007.2	
=== Chain event number 35, total event number 780 ===
-1000001	-73538.4	-416201	34552.6	705438	563753	
-1	63023.8	-173481	-219646	287436	17528.8	
13	-51767.1	-97524.5	88673.1	141611	105.658	
-13	-1738.16	-57942.6	82554.2	100874	105.658	
1000022	-83057	-87252.5	82971.1	175517	97007.2	
1000001	74121.7	404371	-63895.6	704926	569058	
1	10764.6	491288	-37382.6	493277	21094	
13	32573.9	3197.19	-21152.2	38970.6	105.658	
-13	-28011.3	-37402.7	-8790.34	47548.6	105.658	
1000022	58794.5	-52711.2	3429.47	125130	97007.2	
=== Chain event number 36, total event number 783 ===
1000001	-147023	179932	180604	643325	572064	
1	125748	171342	226636	312966	37588.8	
-13	-79317.7	30010.2	-16511.2	86397.5	105.658	
13	-78340.1	-21003	-44787.9	92651.3	105.658	
1000022	-115113	-417.986	15267.2	151310	97007.2	
-1000003	114475	-168469	-377822	716150	573267	
-3	94512	-282209	-394217	501355	85883.5	
-13	-28370.1	9614.54	3634.01	30174.8	105.658	
13	-13852.5	55767.1	-7755.86	57983	105.658	
1000022	62185.7	48357.7	20517.2	126637	97007.2	
=== Chain event number 37, total event number 849 ===
1000002	22935.5	173739	-1.00318e+06	1.16771e+06	571370	
2	149024	178858	-875285	913120	116039	
13	-29366.9	-15920.6	-58780.4	67609.3	105.658	
-13	-55801.7	34130	-32921.1	73229	105.658	
1000022	-40920	-23328.6	-36191.2	113749	97007.2	
1000003	13372.6	-166412	530723	795242	568218	
3	183019	82723.2	341808	396449	500	
-11	-30307.1	-78167.7	20583.4	86327.2	0.511037	
11	-31642.1	-43782.9	88661.5	103822	0.511165	
1000022	-107697	-127185	79670.3	208644	97007.2	
=== Chain event number 38, total event number 894 ===
1000001	-50194.1	312977	-271797	704357	567249	
1	56350.2	202955	-380330	444037	90286.1	
13	-17931.4	22224.7	-16131.8	32798.2	105.658	
-13	-8927.97	28213.9	-12627.7	32174.6	105.658	
1000022	-79683.9	59580.9	137294	195344	97007.2	
1000002	60780.1	-327622	-781588	1.0192e+06	562902	
2	74680.4	-259808	-780457	826026	11365.2	
13	6310.29	-41177.9	-14028.4	43957.3	105.658	
-13	4621.86	23396.9	27418.8	36339.7	105.658	
1000022	-24832.4	-50033.2	-14522.1	112877	97007.2	
=== Chain event number 39, total event number 911 ===
-1000002	-353896	251858	836524	1.09837e+06	563883	
-2	-402882	40605.5	389272	569601	94603.3	
-13	-3974.26	1354.09	72893.4	73014.3	105.658	
13	10877.5	-10671.7	24876.5	29172.9	105.658	
1000022	42082.4	220571	349482	426580	97007.2	
1000002	279234	-57206.5	1.00864e+06	1.20115e+06	586661	
2	60009.2	-277338	544543	614281	17242.6	
11	2318.18	-10104.2	6484.31	12227.6	0.511015	
-11	105531	81553.4	224907	261478	0.512904	
1000022	111375	148682	232705	313166	97007.2	
=== Chain event number 40, total event number 912 ===
-1000003	424065	497610	650039	1.09179e+06	584812	
-3	300255	-8823.32	112790	321765	24089.3	
-11	31208.9	81259.4	47205.3	99022.4	0.510899	
11	-8969.15	117493	98314.7	153463	0.51076	
1000022	101570	307680	391729	517538	97007.2	
1000002	-421971	-492387	192378	880842	564242	
2	-221636	-93994.8	-155737	287065	13963.7	
-13	-41532.1	-132552	86956.5	163879	105.658	
13	-75854.1	-57828.8	95227.2	134782	105.658	
1000022	-82948.1	-208011	165931	295115	97007.2	
=== Chain event number 41, total event number 929 ===
-1000003	-12265.4	174314	-252989	644522	566453	
-3	-251904	133412	-83895.2	297771	19367.3	
-13	90534.1	29703.4	-52134.3	108613	105.658	
13	-3662.17	-4023.86	13484.5	14541.1	105.658	
1000022	152767	15222.7	-130444	223597	97007.2	
1000002	108411	-386861	-335896	772961	568531	
2	-165637	-137154	35475.3	218066	6893.85	
13	25032.6	-7561.89	-64362.1	69471.6	105.658	
-13	8976.78	10469.5	-16360.2	21397.6	105.658	
1000022	240039	-252614	-290649	464025	97007.2	
=== Chain event number 42, total event number 936 ===
1000002	301416	327971	1.04638e+06	1.27017e+06	565686	
2	-60384	104498	-2339.9	124235	29371.3	
11	37300.6	-6540.7	109331	115703	0.510885	
-11	125194	106505	447831	477042	0.500454	
1000022	199305	123509	491558	553188	97007.2	
1000002	-215231	-207944	-255742	696240	574266	
2	-72155.3	-266093	-345744	442283	7926.63	
13	-39112.4	-17501	5692.08	43225.8	105.658	
-13	-76570.1	26886.7	35053.8	88400.5	105.658	
1000022	-27392.8	48763.3	49256.5	122331	97007.2	
=== Chain event number 43, total event number 990 ===
1000002	-815462	111045	-247400	1.02492e+06	558519	
2	-306824	60304.6	154978	349850	24473.7	
-11	-107258	-12531.9	-110559	154547	0.511193	
11	-108442	-2104.3	-118371	160549	0.511475	
1000022	-292938	65376.8	-173449	359974	97007.2	
-1000002	695465	-23669	-228346	921365	559052	
-2	460732	-218782	-21604.6	510954	21620.8	
-13	38687.3	7530.85	1066.74	39428	105.658	
13	37521.9	9648.12	-67729.6	78027.5	105.658	
1000022	158524	177934	-140079	292955	97007.2	
=== Chain event number 44, total event number 1003 ===
1000001	-681548	-26261.6	1.12328e+06	1.43294e+06	571279	
1	-396741	117342	930649	1.01898e+06	32185	
13	-33170.9	13324.2	10342.3	37213.2	105.658	
-13	-2327.13	-29319.9	1252.91	29439	105.658	
1000022	-249309	-127608	181032	347307	97007.2	
1000002	433318	383598	-1.26178e+06	1.49772e+06	562277	
2	357470	-1136.34	-435817	565779	48827	
-11	31012.1	40199.4	-149663	158040	0.509885	
11	18091.8	23125.9	-120429	123957	0.509074	
1000022	26744.3	321409	-555876	649945	97007.2	
=== Chain event number 45, total event number 1014 ===
1000002	427830	-645879	-1.12289e+06	1.47928e+06	571987	
2	22759.6	-272310	-86051.2	291337	52930.7	
-13	21621.8	-54696.8	-79161	98619.1	105.658	
13	97417.4	-79097.8	-324859	348252	105.658	
1000022	286032	-239774	-632823	741068	97007.2	
1000004	-352262	287783	-148818	743097	568453	
4	21238.1	167271	141199	222838	35901.4	
-13	-50955.5	19139.5	-80726.9	97363.4	105.658	
13	-22277.7	16317.5	-54896	61450.3	105.658	
1000022	-300267	85055	-154394	361445	97007.2	
=== Chain event number 46, total event number 1059 ===
1000002	188542	516670	208874	816526	566208	
2	334741	198110	152998	418407	18896.4	
-11	-52141.7	40413.3	-2183.61	66005.7	0.511053	
11	-57661.7	150797	44027.8	167341	0.511898	
1000022	-36395.8	127349	14031.2	164772	97007.2	
1000001	-174236	-107250	469351	767230	571394	
1	-40599.1	-102595	524548	536027	325	
-13	-4031.93	21420.3	-25148.4	33279.7	105.658	
13	-21529.2	-2937.49	-45135.6	50093.6	105.658	
1000022	-108076	-23138.4	15087.3	147831	97007.2	
=== Chain event number 47, total event number 1090 ===
-1000001	318759	-457958	495435	936808	566410	
-1	-72662.4	12377.1	233098	247052	35594.9	
13	54267.7	-106475	70321.7	138661	105.658	
-13	173295	-141010	85407.9	239186	105.658	
1000022	163858	-222850	106608	311909	97007.2	
1000001	-318402	474725	-1.90211e+06	2.06698e+06	572404	
1	31694.7	278186	-322179	426884	6218.94	
-13	-117451	77059	-559871	577225	105.658	
13	-76934.6	24166.6	-171822	189805	105.658	
1000022	-155711	95313.8	-848235	873066	97007.2	
=== Chain event number 48, total event number 1094 ===
1000002	-438284	-433736	-1.54824e+06	1.75817e+06	560268	
2	-470482	-423335	-1.32827e+06	1.47174e+06	33708.7	
11	8558.66	-30533.3	-18041.5	36483.3	0.510942	
-11	25938.9	-26924.3	-71760	80915	0.51045	
1000022	-2300.12	47056.9	-130165	169036	97007.2	
-1000004	469207	319324	-789782	1.12661e+06	568659	
-4	207866	-87384	-465294	517090	6254.51	
11	80360.8	152315	-107260	202886	0.510076	
-11	34333.3	96578.6	-35177.8	108368	0.510041	
1000022	146647	157814	-182050	298267	97007.2	
=== Chain event number 49, total event number 1125 ===
-1000002	677907	497710	-13433.7	1.01103e+06	561008	
-2	71908.1	-89232	28531.2	147309	88050.1	
13	198995	212202	-20337.7	291620	105.658	
-13	96809.2	54909.2	23947.3	113844	105.658	
1000022	310195	319831	-45574.5	458258	97007.2	
1000002	-531292	-444084	-613181	1.08509e+06	567407	
2	-213559	7383.49	-421975	473653	24940.6	
-11	-105636	-168943	-67517.7	210379	0.509736	
11	-66902.7	-79109.2	4917.67	103723	0.509593	
1000022	-145194	-203415	-128605	297336	97007.2	
=== Chain event number 50, total event number 1225 ===
1000002	-250157	-245329	97541.6	671224	564147	
2	-142207	-375012	124968	422711	47016.8	
-13	-35807.1	32680.9	-34954.9	59766.6	105.658	
13	-63495.5	39737.1	11030.1	75712.6	105.658	
1000022	-8647.56	57264.7	-3501.61	113034	97007.2	
-1000002	-56623.8	170122	-541255	805684	569228	
-2	4740.49	333939	-354690	492755	73920.5	
-11	100.824	-63432.8	-62107.7	88775.6	0.511055	
11	18551.2	-134.466	-36272.2	40741.1	0.511052	
1000022	-80017.2	-100249	-88184.1	183411	97007.2	
=== Chain event number 51, total event number 1226 ===
1000002	-328666	-278268	-1.01059e+06	1.23564e+06	565729	
2	-295474	32047.1	-234722	380129	32744.3	
-13	-12679.1	-119209	-277608	302387	105.658	
13	25308.7	-8882.53	-81182.8	85499.1	105.658	
1000022	-45821.6	-182223	-417079	467622	97007.2	
-1000004	273898	263472	-352765	764948	562374	
-4	142321	-118034	-6404.8	203377	84463.8	
11	1535.06	99767.8	-73443.9	123895	0.510478	
-11	-9271.59	7956.02	4017.05	12860.7	0.510883	
1000022	139314	273781	-276933	424814	97007.2	
=== Chain event number 52, total event number 1236 ===
1000002	-29320.5	-126288	-188451	609140	564561	
2	163324	10685.1	-256107	304212	12855.2	
11	4732.41	-6209.91	-13995.7	16026.2	0.51104	
-11	-77789	-70046.8	63383.8	122373	0.512851	
1000022	-119588	-60715.9	18267.6	166529	97007.2	
1000001	41847.9	116423	466557	741953	563483	
1	27206.5	296086	353345	462969	32872	
-11	31190.8	-50229.8	14213.6	60810.5	0.511026	
11	11817.9	-280.967	43438.8	45018.5	0.511065	
1000022	-28367.2	-129153	55560.2	173155	97007.2	
=== Chain event number 53, total event number 1241 ===
1000001	-315402	-98977	-862447	1.08496e+06	569244	
1	-101032	-213883	-144364	305648	128942	
-11	-59540.6	50761.8	-241528	253885	0.510029	
11	-85781.8	34799	-146260	173094	0.509481	
1000022	-69045.1	29340.1	-330292	352322	97007.2	
1000001	275861	108640	5279.68	644691	572448	
1	-119022	99693.8	-57490.8	205973	122533	
13	15672.9	23278.6	879.882	28077	105.658	
-13	123819	14980.7	53606.4	135754	105.658	
1000022	255391	-29312.7	8284.21	274887	97007.2	
=== Chain event number 54, total event number 1258 ===
1000001	-94272.9	-1661.49	189636	606237	568041	
1	4839.2	143748	-118513	208223	92869.5	
13	14749.4	-22170.7	14068.3	30116.7	105.658	
-13	-71983.4	-73771.5	158041	188682	105.658	
1000022	-41878.1	-49467.5	136040	179215	97007.2	
1000002	68537.2	66643.3	-1.75048e+06	1.8417e+06	564399	
2	-14537.6	-96919.2	-30706.2	102795	4386.6	
11	39619.1	15721.2	-416747	418921	0.51079	
-11	51295.9	59921.1	-548948	554586	0.494838	
1000022	-7840.19	87920.2	-754075	765396	97007.2	
=== Chain event number 55, total event number 1265 ===
1000001	-61541.2	-95385.1	100164	575524	555256	
1	61955.8	125750	-124008	192210	43761.2	
-13	-50925.2	-52183.3	26682.4	77643.1	105.658	
13	10925.2	6853.79	24904.4	28046	105.658	
1000022	-83497	-175806	172586	277625	97007.2	
1000003	73956.3	151923	-116848	609370	573697	
3	-80771.1	241712	-210462	338636	73700.9	
-11	17665.3	-44992.9	5619.55	48662.1	0.511016	
11	9035.67	26550.9	9888.36	29738.4	0.51104	
1000022	128026	-71347.1	78105.3	192333	97007.2	
=== Chain event number 56, total event number 1301 ===
1000002	162385	-121084	122386	610992	563296	
2	327677	-11346.1	49206.6	333062	31743.8	
-13	-73704.6	-29988.4	21273.1	82366.4	105.658	
13	21452.6	-5684.45	5923.6	22970.2	105.658	
1000022	-113041	-74065	45983	172594	97007.2	
1000001	34018.8	76116	343279	656663	553548	
1	-223168	-31529.4	124988	259292	28500.3	
-13	19595.5	31477.1	54477.5	65898.4	105.658	
13	129430	45525.5	100391	170009	105.658	
1000022	108161	30642.8	63421.7	161464	97007.2	
=== Chain event number 57, total event number 1316 ===
1000001	-308694	127001	-1.13838e+06	1.31361e+06	564139	
1	-304555	-118807	-505822	611408	105335	
-11	20190.3	1680.27	-47341.6	51494.7	0.511041	
11	32174.3	69610	-144545	163628	0.511915	
1000022	-56503.5	174518	-440668	487081	97007.2	
-1000001	340612	-243721	472630	852753	573056	
-1	167217	-88841.3	519533	554807	45199.6	
-13	17138.9	8826.56	-21034.7	28532.8	105.658	
13	80027.7	-41365.5	-31879.5	95560.8	105.658	
1000022	76228.6	-122341	6011.32	173853	97007.2	
=== Chain event number 58, total event number 1343 ===
1000001	370436	87396.7	-1.1146e+06	1.30906e+06	571346	
1	342255	18860.7	-1.04025e+06	1.10039e+06	106006	
13	15747.5	14599.4	-47353.2	51994.8	105.658	
-13	-11025.9	53033.7	-4447.67	54350.1	105.658	
1000022	23459.7	902.888	-22546.7	102323	97007.2	
1000001	-400779	5555.89	-120020	709206	572638	
1	-70233.2	161931	-226705	287758	15984.6	
13	-1099.43	9869.32	-3021.97	10380.5	105.658	
-13	-179968	-65978.3	54378.8	199246	105.658	
1000022	-149478	-100266	55327.5	211822	97007.2	
=== Chain event number 59, total event number 1371 ===
1000002	-362213	419474	2.13041e+06	2.27271e+06	565148	
2	-219418	33063.9	1.30898e+06	1.33623e+06	151216	
13	-10105.4	92106.5	222663	241174	105.658	
-13	-49663.3	29244	75433.7	94931.1	105.658	
1000022	-83025.5	265059	523340	600370	97007.2	
-1000003	352310	-536258	554474	1.02069e+06	568038	
-3	-94553.9	-22706.9	214717	238779	38158.5	
11	156010	-170455	129868	265066	0.509672	
-11	26073.7	2166.49	16388.2	30872.4	0.510834	
1000022	264780	-345262	193501	485971	97007.2	
=== Chain event number 60, total event number 1379 ===
1000002	73955.9	111145	-1.02731e+06	1.18049e+06	566022	
2	27796.4	144637	-966310	981752	91591.5	
13	35134.4	-27453.4	-15315.3	47145.4	105.658	
-13	-31597.2	1433.71	-31131.5	44380.4	105.658	
1000022	42622.8	-7472.84	-14548.2	107213	97007.2	
1000004	-2542.87	-240837	-1.18566e+06	1.33755e+06	570316	
4	-112961	124654	-227093	290112	65538.5	
-13	33491.5	-116796	-221771	252874	105.658	
13	10716.1	-93209.5	-156913	182824	105.658	
1000022	66210.2	-155486	-579880	611744	97007.2	
=== Chain event number 61, total event number 1389 ===
-1000003	344991	333057	688787	1.01272e+06	566774	
-3	395834	170355	620015	755230	15750.3	
13	-31595.7	58710.5	1963.23	66701.3	105.658	
-13	-88.9463	-18760	-1871.64	18853.7	105.658	
1000022	-19158.4	122751	68680.5	171937	97007.2	
1000001	-418818	-396064	620763	1.02546e+06	577884	
1	-232475	-71955.4	535292	601674	127483	
-13	-69174.6	-124096	33011.6	145858	105.658	
13	-52085	-120847	19684.3	133058	105.658	
1000022	-65084	-79165.7	32774.9	144871	97007.2	
=== Chain event number 62, total event number 1418 ===
1000002	-146798	180430	550532	820447	562087	
2	-256775	-44441.9	399408	476902	325	
-11	57187.2	69940.7	38512.8	98210.6	0.511058	
11	-21924.5	4587.01	3000.14	22599.2	0.511033	
1000022	74715	150345	109612	222735	97007.2	
1000002	131272	-157667	1022.27	601120	565024	
2	128804	117881	150265	239566	65771.9	
-13	2522.85	-51355.4	8066.97	52046.4	105.658	
13	15499.4	-61230.4	-85106.1	105983	105.658	
1000022	-15554.4	-162962	-72203.1	203524	97007.2	
=== Chain event number 63, total event number 1448 ===
-1000002	-45681.3	31969.2	154264	590575	567338	
-2	111707	-166990	144362	279161	129330	
-13	-21553.9	-9152.3	6006.69	24174.9	105.658	
13	-27950	-1675.24	-14456.5	31512.1	105.658	
1000022	-107884	209786	18351.6	255727	97007.2	
-1000001	64740.7	-85604.1	-46479.8	584656	572837	
-1	234890	95507.6	55839	261007	26679.3	
-13	7751.77	-31032.2	-1661.59	32029	105.658	
13	-34374	-75745	-14833.2	84492.1	105.658	
1000022	-143527	-74334.5	-85824	207127	97007.2	
=== Chain event number 64, total event number 1468 ===
1000002	-80761.2	-725905	2.06082e+06	2.26203e+06	579929	
2	-27991.1	-467650	1.76689e+06	1.82798e+06	12524.7	
-11	-42746.7	-55742	57093.9	90521.6	0.511024	
11	26445.8	-90905.9	111514	146283	0.51108	
1000022	-36469.1	-111607	125331	197242	97007.2	
-1000002	21273.6	648853	-600341	1.04771e+06	561982	
-2	-65951	-71361.8	-60376.7	125538	51695.1	
13	41276.2	247391	-194627	317467	105.658	
-13	27202.9	49882.3	-14263.9	58580.8	105.658	
1000022	18745.4	422941	-331073	546123	97007.2	
=== Chain event number 65, total event number 1493 ===
1000004	305964	-158480	1.07797e+06	1.2639e+06	562757	
4	-121621	-141773	240331	306162	32935.5	
13	46801.1	-27039.7	66692.4	85845.1	105.658	
-13	182199	28911	320365	369684	105.658	
1000022	198584	-18578.8	450583	502211	97007.2	
1000002	-304910	142165	1.14435e+06	1.32146e+06	568804	
2	-99755.2	-129050	111412	219138	94887.9	
-13	-71473.9	85667.5	242553	266982	105.658	
13	-9814.53	80624.9	233629	247344	105.658	
1000022	-123866	104923	556754	587994	97007.2	
=== Chain event number 66, total event number 1510 ===
1000001	415726	-590808	352741	985519	570036	
1	139654	58126	183318	238153	15144.1	
-13	38029.8	-168012	39095.6	176643	105.658	
13	76552.1	-187983	13716.4	203435	105.658	
1000022	161490	-292939	116611	367288	97007.2	
-1000001	-396721	548908	852565	1.23796e+06	589069	
-1	138094	132714	225938	297529	28153.2	
13	-165549	122639	216336	298744	105.658	
-13	-26074.9	18248.1	-733.863	31834.7	105.658	
1000022	-343191	275307	411025	609857	97007.2	
=== Chain event number 67, total event number 1591 ===
-1000003	-1462.84	-365933	212923	712589	573182	
-3	-124179	-288166	-94478.8	327723	4062.48	
-11	-12948.4	3789.86	39470.7	41712.8	0.51081	
11	4609.85	21182.1	27223.1	34799.8	0.510574	
1000022	131053	-102739	240704	308349	97007.2	
1000002	51874.7	421265	2.71126e+06	2.80272e+06	569338	
2	-104658	-21079.2	1.28497e+06	1.29044e+06	51729.8	
13	-8830.18	-24.9355	29470.9	30765.5	105.658	
-13	52763.2	170226	619774	644888	105.657	
1000022	112599	272143	777041	836626	97007.2	
=== Chain event number 68, total event number 1595 ===
1000003	-148731	-487938	891101	1.17733e+06	576054	
3	-137658	-211402	34412.3	259161	48372.2	
-11	23829.7	-48744	95076.4	109469	0.511292	
11	-30544.5	-85394	172455	194848	0.513981	
1000022	-4357.83	-142398	589158	613851	97007.2	
-1000003	199718	226917	-144476	660727	569480	
-3	222570	135082	-304468	401769	30552	
11	-8217.98	-6569.09	-10153.7	14621.4	0.510994	
-11	14034	-9368.58	53340.3	55945.6	0.510924	
1000022	-28668.1	107773	116805	188390	97007.2	
=== Chain event number 69, total event number 1604 ===
1000004	-107825	113523	50067.4	592233	568963	
4	58528	48684.6	254000	266673	28333.8	
11	-24472	28683.4	-2176.35	37767.1	0.511017	
-11	15365.6	158.654	-26322.1	30479.2	0.511063	
1000022	-157247	35996.5	-175435	257313	97007.2	
1000002	113581	-139570	908791	1.08795e+06	570389	
2	-21388.9	-158130	51700.3	201552	111749	
-13	13897.5	34569.2	149453	154027	105.658	
13	77558.3	-5152.08	225359	238387	105.658	
1000022	43514.1	-10856.5	482279	493979	97007.2	
=== Chain event number 70, total event number 1649 ===
1000001	281471	28190.7	-252301	686234	572050	
1	24575.9	235947	-191532	304966	6658.14	
-11	91653.8	-57456	-37162.6	114379	0.511033	
11	30468.6	-20173.5	-41343.3	55177.6	0.511042	
1000022	134772	-130127	17737.3	211711	97007.2	
1000002	-282495	-41503.3	-234120	673171	562868	
2	45417.5	-193892	12344.3	199871	11797.7	
13	5318.03	-5054.97	-470.337	7353	105.658	
-13	-54198.7	15853.1	-324.637	56470.7	105.658	
1000022	-279032	141591	-245670	409476	97007.2	
=== Chain event number 71, total event number 1679 ===
1000002	-178068	222308	-515626	814019	561808	
2	-64404.4	325140	-464763	571946	35402.9	
-13	5908.04	-16361.4	17487.2	24666	105.658	
13	-4438.05	4007.2	-38839.3	39297	105.658	
1000022	-115134	-90477.5	-29510.3	178110	97007.2	
1000002	175345	-216237	17925.4	630873	565840	
2	-160759	-84091.6	-102091	209745	25603.1	
-13	10162.9	4119.32	26206.8	28408.8	105.658	
13	69927.7	4448.83	38559.8	79978.4	105.658	
1000022	256014	-140714	55250.2	312740	97007.2	
=== Chain event number 72, total event number 1738 ===
1000002	536438	-421282	59540.8	887632	564890	
2	507875	-109271	76724.7	525724	24935.6	
-13	-1372.16	-16275.9	-26973.9	31534	105.658	
13	-4495.34	-51926.3	-33854.2	62150.3	105.658	
1000022	34430.3	-243809	43644.3	268223	97007.2	
1000002	-564325	432111	-973494	1.33141e+06	565497	
2	-244817	435596	-751520	902583	13951.6	
-13	-114941	4728.25	-51860.5	126188	105.658	
13	-9619.34	24666.3	-3950.53	26768.9	105.658	
1000022	-194947	-32879.1	-166163	275873	97007.2	
=== Chain event number 73, total event number 1741 ===
-1000004	-47052.9	692355	234054	936102	583041	
-4	-54656.8	204405	338207	405517	72739	
13	11722.4	94210.1	-52492.2	108482	105.658	
-13	-38917.5	114697	-22720.9	123232	105.658	
1000022	34799.1	279043	-28939.8	298871	97007.2	
1000002	-10736.4	-620810	1.09069e+06	1.38184e+06	578236	
2	-228665	-454438	763744	918595	41365.2	
11	15416.4	-2397.74	64283.6	66149.8	0.510999	
-11	50258.9	-6723.82	15578.6	53045.8	0.511002	
1000022	152253	-157251	247081	344047	97007.2	
=== Chain event number 74, total event number 1777 ===
1000001	195062	-257403	-207795	696762	581372	
1	-147261	27448.1	38309.8	156937	26875.6	
-13	100935	-82219	-37956.5	135604	105.658	
13	-6714.86	-13920.3	2556.22	15665.5	105.658	
1000022	248097	-188705	-210705	388547	97007.2	
1000002	-203160	267673	340447	740775	565615	
2	82954.9	288894	236719	386396	54080.1	
-11	-95276	16915.4	31175.6	101664	0.510841	
11	-82363.6	-7642.62	62529.1	103692	0.510515	
1000022	-108476	-30494.1	10023.3	149023	97007.2	
=== Chain event number 75, total event number 1784 ===
1000004	25466.5	65269.7	686086	891421	564810	
4	-175573	-119106	375325	440296	89331.3	
13	-10547	20419.2	24091.8	33295.8	105.658	
-13	6095.82	11881.7	63495	64884.2	105.658	
1000022	205490	152075	223174	352945	97007.2	
-1000004	-14186	-84244.7	164103	595820	566369	
-4	-90213.7	78331.2	287119	313220	37347.2	
11	7006.34	-37022	10936.9	39234.4	0.510982	
-11	48914.9	-55387	-84569.8	112305	0.510749	
1000022	20106.5	-70166.9	-49384.1	131060	97007.2	
=== Chain event number 76, total event number 1819 ===
1000003	95955.3	-372142	-341162	768665	571627	
3	42335.6	117292	-20939.7	154266	88373	
-13	10827.8	-178348	-117306	213743	105.658	
13	-28284.4	-42134.9	-33441.7	60775.9	105.658	
1000022	71076.3	-268951	-169475	339880	97007.2	
1000002	-86513.1	414101	1.61788e+06	1.76588e+06	567304	
2	-133500	-92047.5	476275	503276	12405.7	
13	-12279.4	20902.8	23592.6	33828	105.658	
-13	46194.7	191846	504239	541476	105.658	
1000022	13071.2	293399	613774	687301	97007.2	
=== Chain event number 77, total event number 1823 ===
1000002	-86808.9	-427433	1.16996e+06	1.371e+06	566211	
2	-142630	-430074	652187	819881	203839	
-13	27096.3	27688	137960	143296	105.658	
13	22508.6	-18636.3	210206	212228	105.658	
1000022	6215.87	-6410.39	169608	195594	97007.2	
-1000004	51524.3	421683	557527	901320	566631	
-4	204858	424401	376907	603560	11962.2	
-13	-39003.1	14074.6	73125.6	84063.7	105.658	
13	-62758.6	-37190.6	42651.5	84504.1	105.658	
1000022	-51571.6	20397.5	64842.9	129192	97007.2	
=== Chain event number 78, total event number 1844 ===
-1000004	391617	-577655	-167113	915423	568350	
-4	115570	-311671	170469	373722	10640.4	
-13	16513.7	6863.72	-28735.5	33846	105.658	
13	119931	-152154	-165990	255121	105.658	
1000022	139603	-120694	-142856	252734	97007.2	
1000004	-310362	462637	-1.08348e+06	1.34126e+06	560976	
4	84414.8	231086	-155954	291361	6559.66	
-13	-89223.6	14263.3	-180600	201942	105.658	
13	-116791	51562.6	-184103	224037	105.658	
1000022	-188762	165724	-562822	623919	97007.2	
=== Chain event number 79, total event number 1845 ===
-1000003	371405	-289332	-4963.45	740020	570920	
-3	-48561.2	-129209	-173251	227326	51068	
-11	44851.6	-42551.3	282.855	61825.2	0.511354	
11	113671	-28201.6	8527.05	117427	0.514109	
1000022	261444	-89370.9	159478	333442	97007.2	
1000003	-280289	156725	37277	656344	571204	
3	-160168	63911.1	-234128	296871	59815.5	
13	-20365	39636.5	20998.8	49262	105.658	
-13	-40884.2	36688.5	32107	63627.3	105.658	
1000022	-58869	16485.7	218297	246579	97007.2	
=== Chain event number 80, total event number 1855 ===
1000002	126000	-64520.5	-639215	864890	565154	
2	-189548	33747.7	-292598	353137	44998.5	
13	47121.2	-47292.4	-48768.8	82676.4	105.658	
-13	65380.2	-51524.7	-92397.4	124365	105.658	
1000022	203047	548.946	-205451	304711	97007.2	
1000003	-113633	56889	-655997	881810	575420	
3	133715	45170.6	-517523	545676	100058	
11	-64085.5	-4405.17	-64544.5	91062.3	0.51103	
-11	-1842.61	9863.26	17251.3	19957.1	0.511012	
1000022	-181420	6260.27	-91180.7	225115	97007.2	
=== Chain event number 81, total event number 1856 ===
1000002	125436	-203901	146500	630682	564790	
2	37393.6	-79615.2	-195009	215536	26274.1	
11	-15342	-28599.5	70028.9	77183.9	0.510946	
-11	7561.17	-59573.5	87702.7	106292	0.510725	
1000022	95823.7	-36113	183777	231670	97007.2	
1000002	-162430	330556	-252935	721412	566399	
2	-309516	276580	-239879	482152	51298.8	
11	-11704.9	-7727.32	5923.26	15225	0.510987	
-11	87658	53378.5	-7318.47	102892	0.510596	
1000022	71133.2	8323.99	-11660.7	121143	97007.2	
=== Chain event number 82, total event number 1858 ===
1000002	11514.6	-194956	-2.12411e+06	2.20071e+06	541440	
2	68928.1	-200240	-311294	378038	34084.6	
13	-17212.4	10765.2	-57466.1	60946.9	105.658	
-13	11569	30117.5	-278208	280073	105.659	
1000022	-51770.1	-35599.1	-1.47714e+06	1.48165e+06	97007.2	
1000002	-16756.8	213385	-806028	1.01369e+06	576255	
2	-199961	191915	-460613	582589	224565	
11	3676.54	24716.3	-55822.5	61160.1	0.510933	
-11	90933.8	-14615.5	-78352.4	120920	0.510415	
1000022	88594.4	11368.8	-211240	249020	97007.2	
=== Chain event number 83, total event number 1859 ===
-1000002	-410415	-153714	291434	764539	554542	
-2	-81577.1	-21155	-143167	175403	56277.7	
-11	8270.89	-4031.4	12416.6	15454.2	0.511006	
11	-173194	-72337.9	175135	256712	0.512242	
1000022	-163916	-56189.3	247050	316969	97007.2	
1000002	464772	135734	-281024	794100	563190	
2	198046	273341	11559.4	337796	5919.36	
-11	105179	-48688.6	-92247.9	148131	0.511007	
11	66624.8	-38421.2	-25226.3	80940.8	0.511047	
1000022	94922.6	-50498	-175110	227231	97007.2	
=== Chain event number 84, total event number 1868 ===
1000002	-205952	-52385.2	1.72476e+06	1.82699e+06	563858	
2	-37879.8	-148544	1.39183e+06	1.40172e+06	64326.1	
13	12323.4	7428.2	7143.7	16065.1	105.658	
-13	-75851.8	33074.2	59060.8	101664	105.658	
1000022	-104544	55656	266734	307546	97007.2	
1000002	228919	104409	787653	1.01369e+06	586403	
2	163581	277737	637099	714575	28731.1	
11	44823.8	-35578.5	24016.8	62063	0.510991	
-11	35414.8	-62084.8	21600.1	74667.9	0.510979	
1000022	-14900.6	-75664.1	104937	162386	97007.2	
=== Chain event number 85, total event number 1869 ===
-1000004	23830.1	64519.9	72464.4	576349	567624	
-4	-13041.3	212908	-107949	278914	143668	
-11	-3033.44	9114.65	-5978.96	11314.9	0.511004	
11	10220.1	-90437.6	108870	141902	0.5114	
1000022	29684.8	-67064.8	77521.9	144218	97007.2	
-1000003	-14183.7	-156585	974327	1.13775e+06	566072	
-3	-42550	79295.5	772214	777443	2424.68	
11	-18899.1	-65401	66438.9	95124.1	0.510978	
-11	-25053.4	-55326.1	33179.8	69206.6	0.510956	
1000022	72318.8	-115154	102495	195974	97007.2	
=== Chain event number 86, total event number 1907 ===
1000003	-221230	-117361	539237	817145	560565	
3	-249185	-252158	195309	405117	17235.1	
-11	8544.64	64882.7	104563	123354	0.51087	
11	1380.67	-3929.95	-9825.67	10672.1	0.510982	
1000022	18029.5	73844.7	249191	278001	97007.2	
1000002	216308	118314	1.06751e+06	1.23454e+06	568973	
2	18161.7	276941	688484	744033	50487.5	
13	38599.3	-68244.8	93278.6	121853	105.658	
-13	30624.1	2905.73	4249.25	31053.9	105.658	
1000022	128923	-93287.7	281501	337604	97007.2	
=== Chain event number 87, total event number 1950 ===
1000001	-820577	-20082.8	84274.4	1.00262e+06	569558	
1	-773731	91216.4	97245.3	785167	7103.35	
13	22181.1	-3666.55	7049.47	23561.6	105.658	
-13	10866.8	7338.19	-19577.7	23563.4	105.658	
1000022	-79894.6	-114971	-442.61	170329	97007.2	
-1000004	587035	-38561	61499.2	817872	564832	
-4	169020	231070	22919.7	287352	9219.15	
13	115224	-103230	6375.69	154834	105.658	
-13	82981.2	-8602.1	-13855.3	84568.6	105.658	
1000022	219810	-157800	46059.1	291117	97007.2	
=== Chain event number 88, total event number 1969 ===
-1000003	-98590.8	-58652.3	32451.7	585739	573478	
-3	84134.2	-206795	142840	269460	48608.2	
-13	6768.41	21234.6	5456.2	22945.6	105.658	
13	-7849.14	47200.4	-29664	56297.9	105.658	
1000022	-181644	79706.2	-86180.2	237034	97007.2	
1000001	-123.619	-292383	420339	766848	570862	
1	100739	-149751	457896	513016	144714	
13	-8668.28	-58204.1	2367.75	58893.8	105.658	
-13	-13993.4	-52981.6	-37509.7	66406.7	105.658	
1000022	-78201.4	-31445.9	-2415.29	128532	97007.2	
=== Chain event number 89, total event number 2006 ===
1000002	-367678	41876	-68610.5	682275	569079	
2	-208597	-85033.2	174938	317256	138941	
11	-67865.1	21407.3	-57864.1	91718	0.511072	
-11	-54209.2	58442.6	-42672.5	90416.4	0.511276	
1000022	-37006.3	47059.3	-143012	182885	97007.2	
1000002	320421	-44943.3	48068.6	653518	565761	
2	274445	-248985	67385.4	376688	6276.5	
-13	-6093.21	44828.7	-32249.2	55558.6	105.658	
13	-19594.6	2775.36	13109.4	23738.6	105.658	
1000022	71663.3	156438	-176.95	197532	97007.2	
=== Chain event number 90, total event number 2009 ===
1000003	-240575	-27826.8	-306496	700204	581116	
3	-289417	-83795.8	24131.2	316338	93291.9	
-13	-8460.82	3132.98	-103545	103938	105.658	
13	57238.2	21832.6	-96960.8	114692	105.658	
1000022	65.063	31003.4	-130120	165236	97007.2	
-1000003	65982.7	166300	-1.14202e+06	1.2873e+06	566492	
-3	130379	106252	-1.0552e+06	1.06867e+06	18113.8	
13	21123	14018	-20875	32840	105.658	
-13	-67401.2	9326.75	-20125.4	70957.4	105.658	
1000022	-18118.2	36702.9	-45822.8	114828	97007.2	
=== Chain event number 91, total event number 2018 ===
1000002	-137842	-353288	-203916	711638	566599	
2	-32544.6	-381218	-290060	484015	61228	
-13	-44265	539.98	45930.7	63791.2	105.658	
13	3252.8	-13443	-21778	25799	105.658	
1000022	-64285.1	40833.7	61990.7	138033	97007.2	
1000002	133507	325290	-354321	750816	560842	
2	219715	350662	-113983	437195	83120.4	
13	-4555.75	27732.4	-38220.3	47440.9	105.658	
-13	-9011.16	26646.2	-32863.6	43257.9	105.658	
1000022	-72641.2	-79749.9	-169255	222922	97007.2	
=== Chain event number 92, total event number 2019 ===
1000003	-360548	-479480	-728795	1.1026e+06	569816	
3	3788.44	-410526	-346210	540114	57585.1	
11	-14113.4	-26761.7	-39815.1	50006.2	0.510954	
-11	-33136.5	-16025.9	-81795.7	89696.1	0.510424	
1000022	-317087	-26166.1	-260974	422784	97007.2	
1000001	269648	527866	-10244.2	821380	568514	
1	343615	282245	149727	469386	13094.1	
13	-2225.43	17148.1	14347.2	22469.2	105.658	
-13	7227.11	33995.9	7279.5	35510	105.658	
1000022	-78968	194476	-181598	294016	97007.2	
=== Chain event number 93, total event number 2056 ===
1000001	153479	-82383.4	1.73837e+06	1.83438e+06	559178	
1	90713.6	9961.83	1.53869e+06	1.5431e+06	72533.1	
-11	7127.24	9206.37	-7397.95	13794.4	0.510926	
11	-10773	-56333	49568	75805.3	0.509953	
1000022	66411.5	-45218.6	157504	201676	97007.2	
1000002	-60792.5	131343	483022	760530	569341	
2	-96472.3	-117036	-31596.4	160270	41033.3	
11	-26426.6	37648.4	85231	96850.9	0.510882	
-11	-3793.74	97100	128981	161489	0.510463	
1000022	65900.1	113630	300406	341920	97007.2	
=== Chain event number 94, total event number 2070 ===
1000004	-180806	-224205	-675896	926979	565240	
4	-49155.9	-88404.4	76196.9	130768	32599.4	
-13	-62307.1	-30710.8	-228646	238965	105.658	
13	-38559.2	-61227.5	-133405	151764	105.658	
1000022	-30783.6	-43861.9	-390042	405481	97007.2	
-1000003	209642	288107	-561696	877328	572055	
-3	11743.5	352919	-206197	427586	124992	
11	39381.7	-22333.4	-121800	129942	0.511031	
-11	20339.8	1595.82	-94255.6	96438.4	0.511124	
1000022	138177	-44074.6	-139443	223361	97007.2	
=== Chain event number 95, total event number 2091 ===
1000002	-372487	-214321	1.54909e+06	1.7047e+06	567127	
2	-209300	-346939	1.08507e+06	1.16429e+06	118332	
13	10411.5	17143.9	15619.7	25422.4	105.658	
-13	-58554.8	19603.1	53691.1	81827.2	105.658	
1000022	-115044	95871.9	394704	433161	97007.2	
-1000002	346783	141342	531352	860637	564025	
-2	16214.2	32117.8	452506	460707	78704.2	
-13	7642.64	-13978.9	10756.2	19223	105.658	
13	5267.12	582.575	-15957.5	16814.7	105.658	
1000022	317659	122620	84047.4	363892	97007.2	
=== Chain event number 96, total event number 2092 ===
1000001	-97635.1	-401961	-95690.8	706764	565025	
1	-130161	76262.7	-113098	194337	47092	
13	-8585.94	-44931.8	-24818.2	52043.6	105.658	
-13	31731.5	-36269.8	15823.2	50722.5	105.658	
1000022	9380.46	-397022	26402.1	409661	97007.2	
1000002	66651.1	320650	-903388	1.11478e+06	565133	
2	-83558.9	-38909.1	14494.1	101434	39784.9	
-13	61024.8	106151	-219788	251593	105.658	
13	6128.49	97769.1	-164669	191605	105.658	
1000022	83056.7	155638	-533424	570152	97007.2	
=== Chain event number 97, total event number 2094 ===
1000004	-179829	186010	-141258	640451	568582	
4	-297847	216934	-193079	416630	22979.8	
13	10352.4	23663.6	-7383.01	26863.7	105.658	
-13	13928.9	-16744.5	52332.3	56683.9	105.658	
1000022	93737.2	-37843.3	6871.33	140273	97007.2	
-1000001	190467	-209112	376750	741969	573212	
-1	151400	-286350	9878.83	324104	5248.62	
-13	-22439.8	-3147.31	29683.3	37343.8	105.658	
13	14813.8	30061.6	14261.8	36422	105.658	
1000022	46693.2	50323.4	322926	344099	97007.2	
=== Chain event number 98, total event number 2106 ===
1000003	37588.9	-106012	418028	698092	547661	
3	37132.8	-137358	483234	503759	3372.79	
-13	-21263.4	27687.7	-632.952	34916.4	105.658	
13	-32309.2	4119.65	-26635.1	42074.9	105.658	
1000022	54028.8	-461.271	-37938.4	117342	97007.2	
-1000003	-17210.2	98525.8	554068	799644	567834	
-3	160032	-26454.4	-4074.6	174278	63610.3	
13	-25815.8	52468.2	89064.5	106545	105.658	
-13	-93036.7	41458.8	256363	275856	105.658	
1000022	-58389.5	31053.2	212716	242965	97007.2	
=== Chain event number 99, total event number 2156 ===
1000001	-18078.5	-322094	-339548	733064	563932	
1	47629	-382401	-62675.2	390814	17560.7	
11	-24833.1	9640.2	-106836	110107	0.51089	
-11	-9830.25	13513.3	-103706	105043	0.510672	
1000022	-31044.2	37153.6	-66330.7	127100	97007.2	
1000004	-147855	300949	-142732	671890	564476	
4	47059	-4516.1	146737	174291	81305.4	
11	-13844.5	42471.2	-73487.1	85999	0.511021	
-11	-60550.8	63508.7	-102184	134690	0.511183	
1000022	-120519	199485	-113798	276911	97007.2	
=== Chain event number 100, total event number 2165 ===
1000001	-190079	-38481.8	723439	941522	570517	
1	-282732	-182872	309254	458264	31444	
-13	38610.2	23773.5	38219.5	59301.5	105.658	
13	55256.2	28706.7	122587	137495	105.658	
1000022	-1212.96	91909.9	253379	286461	97007.2	
-1000001	149876	69798.2	-331730	679020	568936	
-1	326819	-8364.59	-201822	384371	11344.9	
-13	-8904.19	22203.7	-45002.5	50965.9	105.658	
13	-66933.5	55506.7	-45451.2	98116.9	105.658	
1000022	-101105	452.307	-39454.2	145566	97007.2	
=== Chain event number 101, total event number 2169 ===
1000001	-299283	53000.8	1.09113e+06	1.26877e+06	571700	
1	-213840	-211794	436067	534588	71034.5	
13	-3954.71	31780.8	154311	157600	105.658	
-13	-40950.4	33106.1	154027	162779	105.658	
1000022	-40537.3	199908	346725	413805	97007.2	
-1000001	311913	-104747	343876	747390	576264	
-1	81068.1	-201648	378530	436907	19194.3	
11	80254.3	23016	13167.5	84521.4	0.510914	
-11	31118.1	14590.1	28107.8	44398.8	0.510887	
1000022	119472	59295.1	-75929.8	181563	97007.2	
=== Chain event number 102, total event number 2185 ===
1000004	8031.02	-49391.4	671532	873776	556799	
4	61506.2	-201173	576895	614203	13546.2	
-11	-36523	41320	43587.5	70293.2	0.510932	
11	30451.9	49890.4	15216	60397.8	0.510807	
1000022	-47404.1	60571.6	35833.3	128882	97007.2	
1000002	-39079.7	36722.2	1.34766e+06	1.46118e+06	562130	
2	28198.2	-223294	424422	482908	49094.5	
11	-17785.3	93865.5	334654	348023	0.508361	
-11	26895.9	43666.6	143970	152832	0.509959	
1000022	-76388.5	122484	444615	477421	97007.2	
=== Chain event number 103, total event number 2215 ===
1000002	-155719	139134	513761	788013	559828	
2	-165337	265498	465461	562384	42388	
11	7478.86	-5450.17	-22561.8	24385.9	0.511002	
-11	7516.4	-78792	49080	93131.7	0.511058	
1000022	-5376.83	-42121.6	21782.3	108111	97007.2	
1000001	162257	-138819	-64483	596288	552994	
1	-167301	-93651	36257.4	204735	61980.6	
13	50946.6	-15993.7	-49261.3	72650.1	105.658	
-13	36242.7	6924.17	24898.6	44513.2	105.658	
1000022	242369	-36098.6	-76377.8	274390	97007.2	
=== Chain event number 104, total event number 2257 ===
-1000002	50168.8	291321	520555	826487	569840	
-2	-232331	143205	186865	330876	8645.44	
-13	75304.2	63741.5	109972	147742	105.658	
13	101571	5017.65	98830.7	141808	105.658	
1000022	105625	79357.2	124887	206061	97007.2	
1000002	-35147.9	-343404	2.2843e+06	2.3794e+06	569506	
2	34841.6	-430351	1.79335e+06	1.8446e+06	3187.8	
-13	-14441	16088.6	8326.05	23167.2	105.658	
13	-41968.7	52845.3	151370	165731	105.658	
1000022	-13579.9	18013.4	331251	345900	97007.2	
=== Chain event number 105, total event number 2309 ===
1000002	-33736.9	237660	-1.93558e+06	2.03015e+06	563398	
2	-122997	69858.8	-94401.8	170423	11116	
11	6370.31	-12142.1	-186831	187334	0.510693	
-11	65302.7	52195.5	-548118	554457	0.475142	
1000022	17587.6	127748	-1.10623e+06	1.11794e+06	97007.2	
1000003	-73434.1	-196039	-589592	848740	573514	
3	-85556.9	-10056.7	-582037	589282	32633.2	
-13	6577.64	-41707.4	30372.1	52012	105.658	
13	-29139.8	-41908.9	-35535	62195.1	105.658	
1000022	34684.9	-102366	-2391.83	145251	97007.2	
=== Chain event number 106, total event number 2323 ===
1000002	14330.8	308588	-1.94826e+06	2.05238e+06	566643	
2	160916	46764.4	-1.22912e+06	1.25254e+06	173340	
13	-31810.5	64472.4	-232624	243480	105.658	
-13	-56654.3	114522	-199054	236532	105.658	
1000022	-58120.1	82829.2	-287469	319824	97007.2	
1000002	-42131.7	-298080	487885	803758	563355	
2	-137485	-347803	161560	415722	82792.2	
11	-7088.26	-17351.6	48967.8	52432.5	0.511035	
-11	39202.2	-17733.4	43314.4	61052.6	0.51113	
1000022	63238.9	84807.6	234043	274551	97007.2	
=== Chain event number 107, total event number 2336 ===
1000003	252141	-192375	-60988.5	658430	573784	
3	123706	-145304	-282887	341452	12170.1	
-13	49840.1	4840.49	27013.8	56896.6	105.658	
13	9979.46	-50941.9	75648.3	91746.1	105.658	
1000022	68615.5	-969.555	119236	168335	97007.2	
1000001	-224823	226452	1.2991e+06	1.4547e+06	571537	
1	-231597	-80264.4	804393	845283	85885.4	
11	-4527.79	38935.4	122778	128883	0.511334	
-11	-29419.5	115298	148051	189943	0.512653	
1000022	40721.1	152484	223881	290590	97007.2	
=== Chain event number 108, total event number 2342 ===
-1000001	352909	-385584	3829.47	773860	570636	
-1	-117822	-30324.4	-65691.4	153253	66102.6	
13	134750	-93980.5	-8815.13	164522	105.658	
-13	-150.806	3784.38	11492.1	12100.6	105.658	
1000022	336132	-265063	66843.9	443984	97007.2	
1000002	-376877	221668	817396	1.08597e+06	565695	
2	-307809	188824	813346	890048	15891.9	
-11	6002.54	-16851.1	-16871.7	24589.5	0.511076	
11	-28599.7	48811.2	28781.9	63473.4	0.511602	
1000022	-46471.7	884.028	-7860.36	107854	97007.2	
=== Chain event number 109, total event number 2406 ===
-1000003	-383836	389528	1.32944e+06	1.54968e+06	578830	
-3	-156264	-102531	155197	243818	20745.7	
11	2406.43	66840.1	137711	153094	0.512283	
-11	-65320.8	160036	286482	334589	0.517589	
1000022	-164658	265183	750047	818178	97007.2	
1000001	490480	-383776	1.94972e+06	2.12605e+06	575181	
1	451445	-210024	798934	947686	109085	
-13	6867.84	5400.76	179599	179811	105.658	
13	-29088.6	-18172.4	129453	133920	105.658	
1000022	61255.3	-160981	841737	864638	97007.2	
=== Chain event number 110, total event number 2443 ===
1000001	-430664	319902	490433	924819	571802	
1	-389918	-25675.3	232974	455893	29422.2	
13	-10327.6	-2808.43	18984.1	21793.5	105.658	
-13	-47740	122057	91492.1	159837	105.658	
1000022	17322.5	226329	146982	287296	97007.2	
-1000001	428223	-430199	170691	850610	570925	
-1	146342	-428052	-40734.3	454771	22652	
11	87721.6	21846	41995	99679	0.51097	
-11	67942.9	26232.4	74246.1	104004	0.511014	
1000022	126217	-50225.6	95184.1	192155	97007.2	
=== Chain event number 111, total event number 2456 ===
1000002	-349769	-415138	-921553	1.21153e+06	569086	
2	-367265	-355701	-822391	996626	235651	
11	-26535.9	-24696.6	-19325.7	41079.9	0.511019	
-11	-27815.5	-7416.8	-5099.1	29235.4	0.511064	
1000022	71847.3	-27323.9	-74737.7	144585	97007.2	
1000004	297373	324888	-2.0184e+06	2.14198e+06	565826	
4	171843	414818	-1.58609e+06	1.64877e+06	33830.8	
13	4221.16	-259.077	-104940	105025	105.658	
-13	44582.8	-58929.1	-74024.7	104594	105.658	
1000022	76726.6	-30741.5	-253345	283595	97007.2	
=== Chain event number 112, total event number 2465 ===
-1000003	-21054.8	3449.49	682178	890000	571208	
-3	216493	-28535.2	471410	523437	63842.8	
-13	2707.08	13022.2	29457.3	32321.1	105.658	
13	-141267	5797.47	85276.3	165112	105.658	
1000022	-98987.3	13165	96034.6	169130	97007.2	
1000002	25494	-57604.4	1.84375e+06	1.92922e+06	564348	
2	-217231	52108.8	1.02861e+06	1.0529e+06	25624.6	
-13	54902.5	10628	127197	138947	105.658	
13	18601.5	-33875.1	216078	219507	105.658	
1000022	169221	-86466.2	471864	517859	97007.2	
=== Chain event number 113, total event number 2492 ===
1000001	69440.6	301521	-60027.9	653646	572637	
1	33188.8	272698	-8227.15	460381	369348	
-13	37032	-636.171	483.058	37040.7	105.658	
13	-751.673	-21393	16377.1	26952.6	105.658	
1000022	-28.4104	50853.6	-68661.4	129271	97007.2	
1000001	-121824	-300430	-444172	792020	570007	
1	64001.6	-348698	-123623	377164	35832.2	
-11	-67214	35710.9	-98938.6	124827	0.51084	
11	-2404.17	33985.4	-44822.3	56301.2	0.510891	
1000022	-116206	-21430.4	-176780	233719	97007.2	
=== Chain event number 114, total event number 2505 ===
1000002	34752.5	-174130	-333558	685559	572015	
2	262962	-42282	-223066	347637	12495.8	
13	5411.88	-14495.3	-21447	26445.9	105.658	
-13	-46295.5	-28130.6	-59608.8	80547	105.658	
1000022	-187326	-89222.6	-29435.8	230930	97007.2	
1000002	-34600.8	141441	922866	1.09283e+06	566917	
2	223682	-5726.27	253432	338490	16776.4	
11	-78194.1	64093.2	226626	248157	0.509259	
-11	-66806.1	11263.7	65823.5	94459.9	0.509897	
1000022	-113282	71810.3	376984	411724	97007.2	
=== Chain event number 115, total event number 2525 ===
1000002	57082.4	-146135	-679508	899752	568515	
2	36874.7	-305717	-518873	609577	86786.4	
-11	2877.64	16906.2	13819.7	22024.6	0.511009	
11	10070.6	48617.9	-104787	115954	0.51118	
1000022	7259.53	94058.6	-69668.1	152196	97007.2	
1000004	-20892.4	126176	179068	605185	563761	
4	-251798	132415	89797	298837	17433.1	
13	-6422.27	10272	13202.2	17918.4	105.658	
-13	139682	-10512.7	30940.8	143454	105.659	
1000022	97642.3	-5997.55	45127.4	144972	97007.2	
=== Chain event number 116, total event number 2556 ===
1000002	376657	-188442	487226	856041	563946	
2	-24372.4	-234595	64960.7	244656	2839.89	
-13	125172	25213.9	94995.6	159148	105.658	
13	9912.68	27202.3	29740.6	41505.9	105.658	
1000022	265945	-6263.08	297529	410731	97007.2	
1000002	-177778	124826	710267	931787	562639	
2	-110542	224790	659904	709120	68026.6	
-13	-31987.3	-38985.4	-11045.4	51624.2	105.658	
13	-24285.2	-31566.8	-16109.8	42962.5	105.658	
1000022	-10963.5	-29412.1	77517.6	128081	97007.2	
=== Chain event number 117, total event number 2569 ===
1000002	-37395.8	-186927	465809	757396	565978	
2	-37613.7	-319814	343359	502110	174709	
-11	-6168.86	17131.2	55805.4	58700.7	0.510971	
11	1363.84	9383	50785.7	51663.2	0.51094	
1000022	5022.93	106374	15858.8	144922	97007.2	
-1000002	61779.2	195643	279698	674326	578267	
-2	173908	303472	75216.2	360430	43738	
13	-56209.9	-26022.1	69454.8	93062.8	105.658	
-13	-51745.3	-23578	22342.4	61095.8	105.658	
1000022	-4173.82	-58228.8	112684	159738	97007.2	
=== Chain event number 118, total event number 2583 ===
1000003	72736.2	-23088.6	-447988	728122	568899	
3	29085.8	108619	89526.3	144430	14173	
11	-13490.5	-28785.5	-32521.7	45478.2	0.51097	
-11	8572.72	-44193.1	-260518	264379	0.508862	
1000022	48568.1	-58729	-244474	273835	97007.2	
1000001	-167012	23042	13414.1	599133	574767	
1	-108663	-72840.4	-229669	276350	80674.7	
-11	-7786.26	11576.6	88909.1	89997.1	0.510989	
11	-10712	-20895	9197.16	25217.7	0.510991	
1000022	-39850.6	105202	144976	207567	97007.2	
=== Chain event number 119, total event number 2622 ===
1000002	-367138	14886.9	-1.87639e+06	1.99259e+06	560857	
2	-370855	-169386	-1.26388e+06	1.32803e+06	6514.9	
-11	-8222.04	78020.5	-174286	191129	0.510716	
11	-10317.9	15553.5	-4381.42	19172.1	0.510928	
1000022	22256.7	90698.6	-433841	454257	97007.2	
1000002	357786	-20527.9	-201690	701737	568616	
2	33093.5	-220747	-16048.8	240768	88808.8	
13	15505.3	-11891.6	-3271.01	19812.5	105.658	
-13	156894	80140.3	-101564	203356	105.658	
1000022	152293	131971	-80806	237801	97007.2	
=== Chain event number 120, total event number 2636 ===
1000001	133550	599737	1.36022e+06	1.59655e+06	566794	
1	-116131	232899	171777	315214	46088.7	
11	384.789	53102.1	142020	151624	0.511501	
-11	3535.36	31572.4	152785	156053	0.509572	
1000022	245761	282164	893639	973661	97007.2	
1000002	-196920	-624257	1.63653e+06	1.85046e+06	563455	
2	-13174.7	-376664	347373	512728	13134.7	
11	-31460.7	-2502.47	73627.6	80106.6	0.510626	
-11	-15664.7	-56569.4	390879	395261	0.500517	
1000022	-136620	-188521	824655	862364	97007.2	
=== Chain event number 121, total event number 2697 ===
1000004	-40492.6	-125104	146576	619335	587197	
4	220090	-57163.2	184538	293023	10060	
13	-27812.1	16201.4	14418.6	35269.1	105.658	
-13	-15877.7	11180.1	16991.3	25803.3	105.658	
1000022	-216893	-95322.2	-69371.1	265239	97007.2	
-1000004	-48190.4	298982	-619739	891247	564387	
-4	221469	144457	-206713	343794	74482.1	
13	-29380.4	14720.6	-5158.28	33264.5	105.658	
-13	-16409	-10697.2	-61689	64724.3	105.658	
1000022	-223870	150502	-346179	449465	97007.2	
=== Chain event number 122, total event number 2751 ===
1000002	200838	-86641.5	497743	785061	566330	
2	-5436.24	95427.7	-76814.2	123004	9673.25	
-11	21658.7	-61326	101096	120209	0.510738	
11	19081.2	-33468.5	23932.8	45354.3	0.510803	
1000022	165535	-87274.6	449529	496493	97007.2	
1000001	-206335	108678	-270394	670940	568034	
1	-169969	261325	-41015.2	339652	128456	
-13	24547.7	-18473	-15974.3	34627	105.658	
13	-17475.4	-53215.9	-123532	135637	105.658	
1000022	-43437.9	-80958.4	-89872.6	161024	97007.2	
=== Chain event number 123, total event number 2796 ===
1000002	-148087	-70523.2	-1.38292e+06	1.50507e+06	570846	
2	-293659	-68375.7	-437313	531478	17756.3	
-13	56201.6	-21538.3	-283528	289846	105.658	
13	-6762.22	-9837.51	-6779.19	13728.5	105.658	
1000022	96132.8	29228.3	-655297	670015	97007.2	
1000002	182876	412902	-1.1941e+06	1.39665e+06	566404	
2	50260.5	374978	-1.07612e+06	1.14081e+06	16763.7	
-13	51970.1	31338.7	-41526.1	73535.3	105.658	
13	56183.3	27760.1	-36450.4	72497.1	105.658	
1000022	24462.4	-21174.5	-40010.4	109809	97007.2	
=== Chain event number 124, total event number 2838 ===
1000001	-190450	415585	93199.7	741666	576541	
1	-2189.15	-109583	-50811.8	137925	66546.4	
11	-14786.7	58589.3	46967.5	76533	0.510823	
-11	-62158.6	203771	9266.52	213242	0.508758	
1000022	-111316	262807	87777.5	313965	97007.2	
-1000001	301486	-449161	-1.20474e+06	1.43861e+06	570587	
-1	57681.2	2147.56	-680217	683122	25059.3	
13	-2730.54	-50865	-62854.2	80903.4	105.658	
-13	25403.5	-4334.65	-11696.2	28300.8	105.658	
1000022	221132	-396109	-449972	646287	97007.2	
=== Chain event number 125, total event number 2846 ===
1000001	-279137	-1.15919e+06	7542.27	1.32584e+06	579787	
1	-394836	-927509	37335.2	1.00887e+06	15956.7	
11	-8649.67	-54182.8	-12137.8	56195.4	0.510994	
-11	41255.8	-58733.9	-44287.9	84339.4	0.510966	
1000022	83093.5	-118763	26632.8	176434	97007.2	
1000002	284325	1.17127e+06	-1.45035e+06	1.96834e+06	564014	
2	-20624.8	508159	-907212	1.04085e+06	40955.9	
-11	113194	241958	-196281	331486	0.510898	
11	104970	174856	-174559	268448	0.509638	
1000022	86785.8	246302	-172296	327556	97007.2	
=== Chain event number 126, total event number 2850 ===
1000002	-230057	-332440	-135401	706335	563146	
2	-345115	-152562	-188583	421833	325	
-11	-13044.7	-38460.4	7589.7	41315.5	0.510994	
11	4096.43	-20780.2	39412.3	44742.9	0.510982	
1000022	124005	-120635	6176.42	198441	97007.2	
1000003	107920	178249	440245	750774	571337	
3	42712.1	8914.53	-121891	133178	31224	
13	33397.7	64658.3	199314	212184	105.658	
-13	10885	44902.5	201942	207160	105.658	
1000022	20925.4	59773.9	160881	198252	97007.2	
=== Chain event number 127, total event number 2879 ===
-1000003	-61574.6	168134	-296733	676872	581416	
-3	-46107.8	244447	-386950	460710	25372.1	
11	13075.3	8406.71	-10539	18780.5	0.511001	
-11	-19298	-64353.2	59049	89445.7	0.511096	
1000022	-9244.19	-20366.8	41706.3	107936	97007.2	
-1000001	-336.445	-168894	248534	647285	573310	
-1	-203615	43452.8	213644	300652	37426.3	
-11	10850.1	-49026	24092	55692.9	0.51098	
11	34378.1	10803.7	-3182.8	36176	0.510964	
1000022	158050	-174124	13980.8	254764	97007.2	
=== Chain event number 128, total event number 2881 ===
-1000001	136062	123268	-261536	650214	566276	
-1	25291.5	-128410	96629.2	163988	20640.8	
-13	25423.4	62252.8	-126954	143664	105.658	
13	22694.1	90453.7	-129551	159626	105.658	
1000022	62653.1	98970.8	-101660	182936	97007.2	
1000004	-166652	-80997.2	904779	1.07712e+06	554280	
4	82671	-223409	305480	388559	30234.2	
11	-62145.2	16748.6	67507.4	93272.6	0.511006	
-11	-75831.8	6139.24	181291	196608	0.511146	
1000022	-111344	119523	350495	398673	97007.2	
=== Chain event number 129, total event number 2925 ===
1000001	238146	169972	51147.6	642278	569474	
1	84227.7	-56964.8	237426	264898	58825.8	
-13	56293.3	38909.5	-63597.1	93421.1	105.658	
13	66892.2	55465.6	-25138	90459.5	105.658	
1000022	30733.1	132561	-97543.1	193499	97007.2	
1000001	-180218	-92365.5	-16372.4	608432	573508	
1	9039.28	80811.7	-219935	234580	6643.26	
13	-34477.6	-56148.9	75932.9	100535	105.658	
-13	-41004.7	-32386.3	-9973.39	53195.3	105.658	
1000022	-113775	-84641.9	137603	220122	97007.2	
=== Chain event number 130, total event number 2936 ===
1000001	53921.1	173195	933244	1.10783e+06	568718	
1	246544	25406.2	641072	687316	325	
13	-16737.7	17539.3	-4747.55	24704.8	105.658	
-13	-63280.1	-1231.24	70896.5	95037.9	105.658	
1000022	-112605	131481	226023	300772	97007.2	
1000002	-58890.8	-145432	1.65938e+06	1.76346e+06	575865	
2	-194198	122493	474764	528172	29103.6	
13	34555.2	-12053.1	83883.3	91519.1	105.658	
-13	15461.8	7163.98	80415.4	82201.2	105.658	
1000022	85290.1	-263036	1.02032e+06	1.06156e+06	97007.2	
=== Chain event number 131, total event number 2937 ===
1000002	532214	142118	-2.31987e+06	2.45011e+06	563735	
2	318870	-127628	-1.55293e+06	1.59046e+06	325	
11	-10770.2	2692.97	-20723.8	23510.1	0.510969	
-11	12850.9	31732.6	-154459	158208	0.509526	
1000022	211263	235320	-591756	677933	97007.2	
1000004	-490141	63655.9	-996046	1.247e+06	564454	
4	31647.9	-98880.4	-385095	407686	84444.9	
11	-102916	60885.3	-106274	159978	0.509986	
-11	-62529.1	-10319.1	-112513	129134	0.508323	
1000022	-356344	111970	-392164	550201	97007.2	
=== Chain event number 132, total event number 2975 ===
1000002	-175397	-232512	-1.33257e+06	1.47573e+06	563228	
2	-255127	-323211	-881599	975252	65919.1	
13	-15844.4	-5705.75	-19834.7	26019.8	105.658	
-13	7996.16	8519.94	-163564	163981	105.658	
1000022	87578.8	87884.5	-267570	310480	97007.2	
-1000004	170006	279201	-1.00683e+06	1.19615e+06	556973	
-4	-17264.3	121088	14787	130179	42041.7	
-11	-10559.8	20318.5	-63244.2	67262	0.511621	
11	26294	-16014.2	-117489	121456	0.514536	
1000022	171536	153808	-840884	877256	97007.2	
=== Chain event number 133, total event number 2992 ===
1000002	277308	111519	1.15053e+06	1.31617e+06	565023	
2	326009	44013.5	1.03577e+06	1.08678e+06	6395.77	
-13	-5758.85	-21347.1	3071.41	22322.8	105.658	
13	-19093.1	1048.61	62350.9	65217.3	105.658	
1000022	-23848.8	87803.6	49335.7	141854	97007.2	
1000001	24006.8	112181	-342011	675006	570527	
1	36330.8	-181559	-247391	317355	72308	
11	15267.2	11958.8	-26453.9	32801	0.511004	
-11	-15559.4	156624	-18609.2	158491	0.511241	
1000022	-12031.7	125157	-49556.9	166359	97007.2	
Total number of events including wrong ones: 3000
Number of events passing veto tests: 133
Number of events passing veto and momentum conservation tests: 133
Note that only events with full momentum conservation in the squark -> finals process is accepted
