# Pythia events minimized by cpp, only opposite-flavoured leptons, no combinatorics
# 
1	537.919	141.754	102.16	13.5765	 0	 169.062
2	537.969	141.995	102.498	15.9509	 0	 169.434
3	538.392	142.253	102.769	16.9633	 0	 169.389
4	542.641	142.878	102.527	-5.04786e-05	 0	 285.843
5	541.983	143.087	102.996	11.8194	 0	 283.933
6	541.523	142.481	102.227	-0.0010131	 0	 281.73
7	542.017	143.093	102.996	11.7348	 0	 284.913
8	555.342	154.51	115.317	54.7058	 0	 243.66
9	567.98	163.89	125.255	71.3813	 0	 111.159
10	570.193	161.298	120.95	64.2056	 0	 131.27
11	567.025	158.696	118.206	58.2236	 0	 137.082
12	567.034	158.674	118.171	58.1642	 0	 136.98
13	569.417	162.591	123.197	66.4153	 0	 130.546
14	555.883	150.122	109.238	34.8633	 0	 233.229
15	555.421	149.001	107.799	29.1105	 0	 232.296
16	555.39	149.153	108.026	30.0131	 0	 232.347
17	555.592	149.337	108.242	30.6517	 0	 232.388
18	557.472	148.312	106.173	21.6699	 0	 238.158
19	556.252	146.583	103.999	-0.000471865	 0	 239.127
20	556.211	146.658	104.115	5.70079	 0	 240.364
21	557.12	146.865	104.187	-0.000621644	 0	 218.656
22	556.662	146.768	104.188	0.000212426	 0	 220.018
23	559.559	147.906	105.195	0.129356	 0	 214.557
24	545.296	157.636	117.684	53.0159	 0	 73.2314
25	545.817	157.236	115.863	50.6382	 0	 97.8997
26	545.759	157.301	115.964	50.8769	 0	 97.229
27	545.645	157.007	115.572	50.0084	 0	 97.026
28	539.654	155.675	114.782	50.8946	 0	 92.8946
29	540.385	162.812	123.542	66.998	 0	 58.7925
30	540.47	162.737	123.424	66.7392	 0	 58.8945
31	540.543	162.858	123.579	67.0147	 0	 58.9857
32	530.484	151.736	109.746	39.8426	 0	 119.085
33	530.697	151.957	110.026	40.57	 0	 119.092
34	506.953	137.4	93.9034	6.39935e-05	 0	 77.7597
35	506.081	137.168	93.7026	9.61024e-05	 0	 76.0982
36	510.37	139.129	95.5756	0.000518437	 0	 79.8916
37	518.173	142.386	98.9248	18.2327	 0	 96.1829
38	531.397	145.397	101.567	16.0989	 0	 125.911
39	537.026	149.059	105.966	34.3455	 0	 109.821
40	537.079	148.914	105.759	34.1376	 0	 109.933
41	537.04	148.832	105.649	33.8167	 0	 109.88
42	537.008	148.727	105.503	33.3898	 0	 109.76
43	536.747	148.9	105.824	34.6941	 0	 109.308
44	536.697	148.69	105.522	33.3864	 0	 109.82
45	548.192	158.73	117.179	49.2015	 0	 142.02
46	547.643	157.62	115.714	45.6231	 0	 140.987
47	547.228	156.447	114.113	41.1861	 0	 140.202
48	547.332	156.948	114.803	43.042	 0	 140.325
49	560.68	170.305	131.112	76.767	 0	 110.347
50	556.143	164.06	125.515	68.7508	 0	 98.0774
51	555.668	163.385	124.675	67.3054	 0	 98.1468
52	555.625	163.519	124.863	67.6473	 0	 98.097
53	555.759	163.749	125.192	68.274	 0	 98.3317
54	560.071	167.578	129.43	76.0251	 0	 109.781
55	560.086	167.319	129.065	75.4661	 0	 109.601
56	560.126	167.373	129.133	75.5653	 0	 109.617
57	596.363	173.978	101.691	-3.51653e-05	 0	 100397
58	607.698	176.493	104.343	0.000634669	 0	 99605.6
59	609.357	176.604	104.301	0.000337401	 0	 99080.6
60	609.231	176.581	104.276	-0.000388875	 0	 99140.4
61	637.511	203.499	135.287	0.000491632	 0	 52664.5
62	637.3	203.449	135.236	0.00063409	 0	 52665.8
63	631.106	199.534	130.653	-0.000280963	 0	 54039.1
64	670.781	207.752	137.975	0.000166672	 0	 49350.7
65	670.953	207.799	138.01	0.000285789	 0	 49193.4
66	683.247	188.873	133.849	0.000113492	 0	 683167
67	682.377	188.658	133.679	0.00161397	 0	 684498
68	679.241	187.886	133.062	-0.00103488	 0	 688729
69	676.981	187.312	132.61	-0.0003179	 0	 694238
70	676.916	187.297	132.597	-0.000633809	 0	 694160
71	676.695	187.241	132.553	0.000840413	 0	 694390
72	676.777	187.261	132.569	-0.000828604	 0	 694098
73	558.154	158.605	109.333	7.13379e-05	 0	 883105
74	558.153	158.605	109.333	0.000623717	 0	 883109
75	558.137	158.601	109.33	0.00125137	 0	 883169
76	558.183	158.611	109.338	-0.000825965	 0	 883188
77	558.183	158.611	109.338	0.00155526	 0	 883190
78	559.376	158.917	109.581	0.000131078	 0	 886711
79	559.491	158.943	109.602	-0.00175189	 0	 886826
80	559.493	158.943	109.603	-0.000788775	 0	 886829
81	559.48	158.939	109.6	0.00116461	 0	 886872
82	529.174	146.083	101.126	-0.000189551	 0	 18598.3
83	528.706	145.976	101.034	-0.000103688	 0	 18449.5
84	551.558	151.201	105.42	0.000174926	 0	 36727.5
85	551.556	151.198	105.418	-1.42184e-05	 0	 36605.4
86	551.559	151.2	105.419	-0.000121753	 0	 36609.7
87	551.559	151.2	105.419	-1.12562e-07	 0	 36608.4
88	551.995	151.616	105.718	3.9629e-05	 0	 36604
89	546.763	146.103	102.13	0.000652255	 0	 39123.8
90	546.763	146.103	102.13	0.000585132	 0	 39124.9
91	546.717	146.029	102.042	9.47271e-05	 0	 39084.2
92	546.72	146.031	102.044	-0.000259883	 0	 39085.1
93	546.717	146.029	102.042	-1.59377e-05	 0	 39082.4
94	546.72	146.031	102.043	-0.000166313	 0	 39070.9
95	546.72	146.031	102.043	-7.19591e-05	 0	 39071.4
96	546.721	146.032	102.044	0.000330917	 0	 39068.3
97	544.451	142.56	97.87	0.000378185	 0	 137392
98	556.77	148.857	101.716	0.000604784	 0	 101929
99	556.77	148.857	101.716	0.000403426	 0	 101930
100	556.775	148.859	101.717	0.000350922	 0	 101837
