# Pythia events minimized by cpp, only opposite-flavoured leptons, no combinatorics
# Selection of events shifted by 2500 
1	537.606	128.89	87.3542	-0.000351901	 0	 2731.72
2	545.224	134.497	94.013	-3.34846e-06	 0	 244.568
3	545.276	134.53	94.0497	-0.000107535	 0	 244.292
4	554.25	139.178	98.7916	0.000260614	 0	 134.585
5	551.625	142.397	104.237	-0.000481716	 0	 610.583
6	551.331	142.271	104.123	0.000188825	 0	 618.238
7	552.05	142.635	104.483	-9.25239e-05	 0	 608.208
8	551.988	142.581	104.418	8.6234e-05	 0	 609.479
9	552.543	142.939	104.809	-0.000131191	 0	 687.359
10	552.533	142.933	104.802	8.98044e-05	 0	 687.509
11	552.784	143.098	104.983	-5.38806e-05	 0	 681.746
12	553.426	143.444	105.334	6.63463e-05	 0	 654.592
13	553.624	143.631	105.56	3.26997e-05	 0	 623.824
14	553.723	143.711	105.653	0.000293381	 0	 644.755
15	562.306	148.518	110.593	0.000300092	 0	 439.584
16	537.196	136.341	98.8697	0.000168585	 0	 4700.36
17	537.07	136.257	98.7766	-0.000225266	 0	 4700.38
18	537.033	136.234	98.7515	0.000419705	 0	 4702.82
19	536.866	136.125	98.6324	-0.000264959	 0	 4651.42
20	489.193	119.598	86.2667	1.64957e-05	 0	 1268.54
21	486.163	117.328	83.6675	6.8422e-05	 0	 1394.93
22	513.751	134.374	93.4547	-6.04412e-05	 0	 1157.05
23	552.588	153.01	103.71	6.14462e-05	 0	 1951.16
24	552.577	153.003	103.71	1.38082e-05	 0	 1954.47
25	552.831	153.116	103.826	-0.000277321	 0	 1961.45
26	552.828	153.118	103.825	3.77132e-06	 0	 1957.95
27	552.737	153.067	103.777	0.000696662	 0	 1966.37
28	550.843	151.882	102.797	-1.42907e-05	 0	 1959.93
29	550.845	151.881	102.797	-0.00032491	 0	 1961.02
30	550.987	152.076	103.002	-0.000310287	 0	 1961.11
31	550.888	152.048	102.982	5.7648e-05	 0	 1957.18
32	549.816	150.769	102.469	0.000159092	 0	 2060.09
33	549.833	150.789	102.493	-8.26911e-05	 0	 2061.55
34	550.623	151.395	102.995	0.000156453	 0	 2004.2
35	550.665	151.422	103.021	-0.000275914	 0	 2003.29
36	550.684	151.432	103.027	0.000351627	 0	 2006.8
37	550.685	151.433	103.027	-0.000122984	 0	 2005.87
38	550.694	151.438	103.031	0.000118729	 0	 2005.34
39	549.006	150.141	101.935	-0.000276608	 0	 2052.92
40	549.012	150.145	101.941	-1.23616e-05	 0	 2053.09
41	576.194	181.794	144.936	96.5933	 0	 18.1182
42	576.128	181.405	144.451	95.8347	 0	 17.6275
43	576.125	181.413	144.462	95.8526	 0	 17.6559
44	576.054	181.222	144.225	95.4984	 0	 17.5931
45	576.339	181.61	144.667	96.1449	 0	 17.3619
46	576.297	181.795	145.142	96.5933	 0	 14.5513
47	576.598	183.553	147.332	99.9787	 0	 31.5187
48	562.82	176.156	140.387	92.1426	 0	 20.7533
49	562.743	176.21	140.47	92.2953	 0	 20.8763
50	562.471	176.186	140.486	92.3877	 0	 20.721
51	561.313	175.547	139.894	91.6832	 0	 20.2535
52	562.476	175.73	139.87	91.4335	 0	 20.0953
53	563.573	177.373	141.749	94.2132	 0	 18.7211
54	563.516	177.282	141.641	94.0594	 0	 18.7176
55	563.364	177.178	141.535	93.925	 0	 18.7172
56	563.878	177.695	142.099	94.7054	 0	 18.0192
57	563.796	177.774	141.902	94.8028	 0	 17.6013
58	563.791	177.729	141.846	94.7152	 0	 17.6097
59	562.548	177.743	142.247	95.4293	 0	 15.8945
60	562.048	176.964	141.368	94.1215	 0	 16.0926
61	560.901	176.053	140.272	92.8182	 0	 15.5596
62	560.999	176.279	140.532	93.2257	 0	 15.5744
63	560.96	176.427	140.7	93.5392	 0	 15.8823
64	555.838	170.891	134.921	88.0162	 0	 15.5902
65	555.387	160.411	123.111	74.2041	 0	 30.629
66	556.258	159.864	122.458	73.7984	 0	 25.4923
67	503.454	119.898	84.1787	2.37589e-06	 0	 1122.45
68	503.435	119.918	84.2012	0.000403728	 0	 1122.32
69	850.063	277.726	190.369	0.000506295	 0	 319035
70	837.649	282.238	195.898	0.000120344	 0	 414457
71	722.911	236.462	164.184	-0.00166563	 0	 2.64871e+06
72	707.399	204.811	137.747	-5.56232e-05	 0	 2.67654e+06
73	682.298	214.95	149.82	-0.00136757	 0	 3.09365e+06
74	682.299	214.949	149.819	-0.000304702	 0	 3.09361e+06
75	682.248	215.407	150.326	-0.000470173	 0	 3.09701e+06
76	682.247	215.413	150.334	0.000965619	 0	 3.09702e+06
77	682.26	215.45	150.369	0.00107497	 0	 3.09723e+06
78	682.066	215.383	150.3	-0.000597536	 0	 3.10846e+06
79	682.063	215.378	150.294	9.31676e-05	 0	 3.10848e+06
80	682.082	215.348	150.256	-0.00155271	 0	 3.10791e+06
81	682.081	215.347	150.256	0.00111961	 0	 3.10795e+06
82	682.072	215.233	150.134	0.000412064	 0	 3.1073e+06
83	682.075	215.231	150.134	0.00118966	 0	 3.10723e+06
84	682.094	215.318	150.223	-0.0013099	 0	 3.10756e+06
85	682.07	216.536	151.546	0.00196182	 0	 3.11825e+06
86	682.062	216.529	151.54	0.000999837	 0	 3.11839e+06
87	681.943	216.356	151.37	-0.00197766	 0	 3.11886e+06
88	681.941	216.361	151.377	0.000491154	 0	 3.11883e+06
89	683.763	218.867	154.623	0.000490021	 0	 3.11515e+06
90	683.176	218.231	154.17	-8.31276e-05	 0	 3.12269e+06
91	683.419	218.643	154.58	-0.000662201	 0	 3.12138e+06
92	683.405	218.634	154.581	0.00083785	 0	 3.11936e+06
93	683.384	218.603	154.547	0.000844335	 0	 3.11946e+06
94	480.669	97.2118	61.4551	7.95406e-05	 0	 128678
95	480.378	97.0651	61.5454	-3.41344e-05	 0	 128060
96	550.823	147.641	102.436	-0.000460143	 0	 4340
97	552.266	148.816	103.103	-0.000377672	 0	 4324.79
98	552.513	148.952	103.203	1.39988e-05	 0	 4323.43
99	552.489	148.932	103.192	-5.46455e-05	 0	 4323.64
100	552.472	148.919	103.182	-1.52083e-05	 0	 4324.36
