27. november.
Herwig events, Migrad fit, 25 event bins. No combinatorics. Migrad strategy 1. Strategy 2 gives exact same result.
  1  4.885868e+02    1.627174e+02    1.568532e+02    1.258976e+02    1.370000e+02    2.045628e-06
  2  1.188324e+02    1.580332e+02    1.461101e+02    1.417900e+02    2.110000e+02    3.929706e-05
  3  5.500000e+02    1.850309e+02    1.466927e+02    1.000000e+02    9.600000e+01    2.588389e-08
  4  5.500000e+02    1.841104e+02    1.472876e+02    1.000000e+02    9.400000e+01    1.026193e-07
  5  5.500000e+02    1.811815e+02    1.489302e+02    1.000000e+02    8.400000e+01    1.880968e-07
  6  5.046688e+02    1.710405e+02    1.526145e+02    1.117409e+02    2.540000e+02    1.335318e-07
  7  5.500000e+02    1.800000e+02    1.431385e+02    1.000000e+02    1.040000e+02    1.168760e-07
  8  5.152501e+02    1.663893e+02    1.671099e+02    1.582090e+02    4.050000e+02    5.573117e-05
  9  5.500000e+02    1.846573e+02    1.451069e+02    1.146255e+02    6.300000e+01    1.212533e-05
 10  5.500000e+02    1.800000e+02    1.512226e+02    1.000000e+02    9.300000e+01    4.751262e-07
 11  5.697702e+02    1.719059e+02    1.505562e+02    1.055027e+02    1.490000e+02    2.286541e-07
 12  5.500000e+02    1.846471e+02    1.463395e+02    1.000000e+02    9.200000e+01    8.047233e-08
 13  4.214356e+02    1.521228e+02    1.755067e+02    5.887678e+01    7.800000e+01    2.311716e-04
 14  5.500000e+02    1.746523e+02    1.495555e+02    1.182868e+02    6.600000e+01    7.891657e-06
 15  5.500000e+02    1.800000e+02    1.500000e+02    1.000000e+02    8.900000e+01    1.282707e-07
 16  5.500000e+02    1.843150e+02    1.473438e+02    1.079208e+02    9.400000e+01    6.185694e-07
 17  5.345666e+02    1.837559e+02    1.455726e+02    1.000000e+02    7.100000e+01    5.485659e-06
 18  5.929374e+02    1.832743e+02    1.480415e+02    1.061262e+02    6.100000e+01    1.397109e-05
 19  1.708768e+02    1.229387e+02    1.315334e+02    1.340227e+02    2.150000e+02    5.669073e-06
 20  5.424894e+02    1.842809e+02    1.485968e+02    1.031133e+02    9.400000e+01    4.412150e-05
 21  6.027580e+02    1.823010e+02    1.487238e+02    1.039259e+02    6.400000e+01    3.444361e-06
 22  5.693451e+02    1.892978e+02    1.464872e+02    1.097524e+02    7.500000e+01    5.333962e-06
 23  5.500000e+02    1.825597e+02    1.484815e+02    1.026830e+02    7.500000e+01    6.326155e-08
 24  5.765656e+02    1.741226e+02    1.500000e+02    1.132954e+02    1.020000e+02    9.906737e-08
 25  5.500000e+02    1.800000e+02    1.500000e+02    1.000000e+02    8.700000e+01    5.020098e-07
 26  5.617452e+02    1.838755e+02    1.517127e+02    1.144694e+02    1.420000e+02    5.510810e-07
 27  5.500000e+02    1.752532e+02    1.516093e+02    1.124694e+02    7.200000e+01    2.594134e-06
 28  5.500000e+02    1.784321e+02    1.504047e+02    1.000000e+02    7.200000e+01    2.462211e-06
 29  5.408969e+02    1.816590e+02    1.477374e+02    7.783880e+01    9.500000e+01    4.000977e-06
 30  5.500000e+02    1.811081e+02    1.494184e+02    1.016034e+02    7.200000e+01    5.510449e-06
 31  5.178974e+02    1.588623e+02    1.533102e+02    1.352861e+02    1.670000e+02    2.414902e-06
 32  5.650603e+02    1.884607e+02    1.479672e+02    1.042106e+02    7.000000e+01    2.516037e-06
 33  5.500000e+02    1.850906e+02    1.500000e+02    1.000000e+02    1.120000e+02    2.941518e-08
 34  5.500000e+02    1.800000e+02    1.500000e+02    1.000000e+02    9.100000e+01    1.943745e-06
 35  5.435718e+02    1.920781e+02    1.442649e+02    1.149678e+02    7.100000e+01    1.852981e-05
 36  5.527263e+02    1.808805e+02    1.476336e+02    1.121557e+02    7.500000e+01    1.519525e-05
 37  5.500000e+02    1.821808e+02    1.485472e+02    1.052288e+02    7.100000e+01    6.923073e-07
 38  5.415826e+02    1.821710e+02    1.484292e+02    1.060590e+02    7.400000e+01    1.734221e-07
 39  5.500000e+02    1.821152e+02    1.483365e+02    1.049806e+02    8.600000e+01    7.568306e-08
 40  5.500000e+02    1.800000e+02    1.456508e+02    1.094582e+02    7.400000e+01    2.508510e-07
 41  5.500000e+02    1.800000e+02    1.500000e+02    1.000000e+02    9.300000e+01    6.374100e-07
 42  3.475487e+02    1.847208e+02    1.476606e+02    1.068351e+02    9.500000e+01    8.707081e-05
 43  5.059931e+02    1.760723e+02    1.536597e+02    9.039638e+01    6.400000e+01    6.992411e-05
 44  5.500000e+02    1.800000e+02    1.500000e+02    1.000000e+02    9.100000e+01    1.594528e-07
 45  5.500000e+02    1.800000e+02    1.500000e+02    1.000000e+02    7.700000e+01    1.020916e-06
 46  5.500000e+02    1.847313e+02    1.478354e+02    1.076915e+02    7.100000e+01    6.014506e-06
 47  5.500000e+02    1.984627e+02    1.425726e+02    1.000000e+02    8.300000e+01    1.475844e-06
 48  5.500000e+02    1.849841e+02    1.477573e+02    1.059118e+02    9.000000e+01    3.670972e-08
 49  5.500000e+02    1.800000e+02    1.500000e+02    1.000000e+02    9.100000e+01    2.436854e-07
 50  5.500000e+02    1.807815e+02    1.495008e+02    1.016053e+02    5.400000e+01    9.451972e-06
 51  5.212635e+02    1.832576e+02    1.477907e+02    1.124773e+02    8.300000e+01    7.265615e-05
 52  5.500000e+02    1.827597e+02    1.483807e+02    1.052100e+02    9.000000e+01    4.993785e-08
 53  5.500000e+02    1.800000e+02    1.500000e+02    1.000000e+02    1.010000e+02    8.289301e-08
 54  5.500000e+02    1.682591e+02    1.417187e+02    1.222558e+02    1.010000e+02    6.590514e-06
 55  5.416641e+02    1.810790e+02    1.487047e+02    1.116431e+02    9.200000e+01    8.027087e-07
 56  5.500000e+02    1.920659e+02    1.454884e+02    1.140201e+02    6.500000e+01    2.445814e-06
 57  5.547145e+02    1.787340e+02    1.513358e+02    1.000000e+02    8.600000e+01    1.270149e-06
 58  5.500000e+02    1.800000e+02    1.500000e+02    1.000000e+02    8.300000e+01    1.619490e-07
 59  5.500000e+02    1.879493e+02    1.461796e+02    1.000000e+02    8.300000e+01    4.061724e-07
 60  5.500000e+02    1.809970e+02    1.485411e+02    1.063444e+02    5.400000e+01    1.886196e-05
 61  5.500000e+02    1.800000e+02    1.500000e+02    1.000000e+02    9.300000e+01    2.160712e-07
 62  5.500000e+02    1.800000e+02    1.500000e+02    1.000000e+02    6.900000e+01    3.265189e-06
 63  5.423702e+02    1.820977e+02    1.481898e+02    9.608943e+01    6.800000e+01    2.548167e-06
 64  5.500000e+02    1.800000e+02    1.500000e+02    1.000000e+02    9.100000e+01    1.293919e-07
 65  5.167235e+02    1.953862e+02    1.434272e+02    1.223331e+02    1.080000e+02    1.632392e-06
 66  5.500000e+02    1.830483e+02    1.482492e+02    1.000000e+02    9.600000e+01    3.203253e-08
 67  5.500000e+02    1.840128e+02    1.478470e+02    1.065737e+02    6.000000e+01    1.077660e-04
 68  4.448395e+02    1.728548e+02    1.513296e+02    1.091750e+02    7.800000e+01    2.673409e-05
 69  1.971826e+02    1.642738e+02    1.640345e+02    1.863928e+02    1.120000e+02    5.388017e-05
 70  4.815804e+02    1.972063e+02    1.805845e+02    1.599936e+02    9.200000e+01    1.338583e-05
 71  5.876320e+02    1.620035e+02    1.481463e+02    1.166228e+02    8.500000e+01    1.104351e-05
 72  5.500001e+02    1.682517e+02    1.659710e+02    1.506552e+02    1.060000e+02    2.841208e-05
 73  6.662461e+02    1.749648e+02    1.560092e+02    6.036599e+01    1.610000e+02    4.504705e-06
 74  3.032451e+02    1.837939e+02    1.473688e+02    1.093980e+02    1.130000e+02    7.046220e-06
 75 -1.305720e+02    1.667126e+02    1.535099e+02    1.528002e+02    1.360000e+02    1.335760e-04
 76 -2.554512e+02    1.672509e+02    1.669069e+02    1.890139e+02    1.490000e+02    1.283459e-05
 77  5.431231e+02    1.817858e+02    1.483128e+02    1.111392e+02    8.900000e+01    1.077908e-07
 78  5.500000e+02    1.848659e+02    1.474039e+02    1.000000e+02    9.600000e+01    1.690649e-07
 79  5.982244e+02    1.853165e+02    1.479978e+02    1.050298e+02    1.060000e+02    8.430045e-07
 80  5.442184e+02    1.841474e+02    1.445356e+02    1.000000e+02    8.500000e+01    3.287754e-07



 28. november
The Herwig file is generated using the correct SoftSUSY parameters. The branching has been fixed so that all four leptons (e, mu with signs) have 0.25 each, which is the correct choice.

Migrad fit, 25 event bins, no combinatorics, initial guess is 1.1 of true values for all masses:
  1  6.248253e+02    1.944955e+02    1.606546e+02    1.015447e+02    96    2.618442e-07
  2  6.248253e+02    2.209340e+02    1.422522e+02    1.067079e+02    61    1.018637e-05
  3  6.248253e+02    1.983707e+02    1.579072e+02    1.067079e+02    74    8.936014e-07
  4  6.248253e+02    1.983707e+02    1.584660e+02    1.067079e+02    69    2.870082e-07
  5  6.871492e+02    1.936381e+02    1.645823e+02    1.067079e+02    74    3.294002e-06
  6  6.054049e+02    1.947964e+02    1.613627e+02    9.711454e+01   117    1.149879e-06
  7  6.329364e+02    1.961392e+02    1.601558e+02    1.019593e+02    66    3.102619e-06
  8  6.248253e+02    1.983707e+02    1.593004e+02    1.067079e+02    92    7.964298e-08
  9 -1.500624e+02    5.018665e+01    1.418244e+02    1.477645e+02   272    1.444465e-04
 10  6.862268e+02    1.902070e+02    1.460280e+02    1.122991e+02   208    3.824997e-06
 11  6.308363e+02    1.719195e+02    1.597816e+02    1.074228e+02   122    3.974134e-05
 12  6.248253e+02    1.975182e+02    1.591352e+02    1.067079e+02    77    8.400199e-06
 13  6.248253e+02    1.962632e+02    1.594380e+02    1.045628e+02    85    3.467773e-07
 14  6.248253e+02    1.983707e+02    1.584660e+02    1.067079e+02    81    9.841543e-08
 15  4.752656e+02    1.762690e+02    1.530299e+02    7.971601e+01   225    6.454362e-05
 16  6.026540e+02    1.735536e+02    1.621322e+02    1.011937e+02    75    2.934444e-06
 17  6.248253e+02    2.087033e+02    1.681299e+02   -1.201601e+01   100    7.792978e-05
 18  2.052998e+02    1.354939e+02    1.454181e+02    2.109286e+02   229    3.509335e-03
 19  6.411795e+02    1.966329e+02    1.449829e+02    1.132719e+02    99    4.279297e-06
 20  6.248253e+02    1.983707e+02    1.580743e+02    1.067079e+02    74    2.924443e-06
 21  5.472309e+02    1.932475e+02    1.636225e+02    1.343500e+02   167    8.658563e-06
 22  6.469194e+02    2.031138e+02    1.572353e+02    1.091930e+02   108    6.170047e-06
 23  6.248253e+02    1.983707e+02    1.584660e+02    1.067079e+02    97    2.382808e-06
 24  5.882326e+02    1.893075e+02    1.506806e+02    1.568465e+02    96    7.165223e-06
 25  6.282756e+02    2.015944e+02    1.593107e+02    5.373854e+01   170    2.173879e-06
 26  6.248253e+02    1.983707e+02    1.599598e+02    1.067079e+02    67    3.233797e-06
 27  6.248253e+02    2.021355e+02    1.538937e+02    1.067079e+02    68    1.613887e-06
 28  4.594474e+02    1.354714e+02    1.133310e+02    1.087143e+02   234    1.206874e-04
 29  6.689401e+02    1.948976e+02    1.619500e+02    9.725466e+01    66    3.022044e-05
 30  4.669165e+02    1.550021e+02    1.372918e+02    1.012017e+02   144    1.247334e-05
 31  6.248253e+02    1.942788e+02    1.611178e+02    9.954170e+01    75    1.699259e-06
 32  6.248253e+02    1.977339e+02    1.579700e+02    1.073850e+02    56    7.579715e-06
 33  6.248253e+02    1.962036e+02    1.584683e+02    1.152745e+02    60    7.756021e-06
 34  5.933513e+02    1.630594e+02    1.634827e+02    1.383102e+02   123    2.716683e-04
 35  6.003992e+02    2.035269e+02    1.541457e+02    7.643814e+01    67    2.443839e-05
 36  6.461819e+02    2.083535e+02    1.564545e+02    1.107230e+02   108    5.368275e-07
 37  6.346974e+02    1.992091e+02    1.551685e+02    9.467162e+01   127    3.169332e-05
 38  6.248253e+02    1.939594e+02    1.629786e+02    1.067079e+02    93    1.182059e-07
 39  6.248253e+02    1.960502e+02    1.470664e+02    1.264448e+02    59    1.504716e-05
 40  7.499487e+02    1.880826e+02    1.703715e+02    1.390172e+02   106    7.266898e-05
 41  6.368467e+02    1.970641e+02    1.606350e+02    1.221291e+02    90    7.700500e-08
 42  6.248253e+02    1.983707e+02    1.584660e+02    1.067079e+02    99    4.739929e-08
 43  6.248253e+02    1.980690e+02    1.572039e+02    1.071757e+02    95    4.001627e-07
 44  6.070013e+02    1.983707e+02    1.807181e+02    8.278312e+01    55    1.731511e-05
 45  5.965845e+02    2.003444e+02    1.579975e+02    1.156367e+02   108    3.016896e-06
 46  5.964047e+02    2.005511e+02    1.560769e+02    1.348723e+02    57    2.596560e-05
 47  6.248253e+02    1.889039e+02    1.710590e+02    1.067079e+02    81    7.978769e-06
 48  6.248253e+02    1.960257e+02    1.607172e+02    1.004703e+02    82    3.744522e-07
 49  6.248253e+02    2.110213e+02    1.653104e+02    7.358124e+01    76    4.742739e-06
 50  3.718670e+02    1.766932e+02    1.779455e+02    1.831709e+02   140    1.383831e-06
 51  6.095974e+02    2.184568e+02    1.613668e+02    1.013846e+02    92    3.052922e-07
 52  6.248253e+02    2.008389e+02    1.552054e+02    1.067079e+02    91    5.014133e-07
 53  6.248253e+02    1.955010e+02    1.619228e+02    1.067079e+02    66    1.406427e-05
 54  6.248253e+02    1.983707e+02    1.584660e+02    1.067079e+02    67    3.162250e-06
 55  6.500629e+02    1.914465e+02    1.683684e+02    1.067079e+02    66    1.761083e-05
 56  6.248253e+02    1.983707e+02    1.584660e+02    1.067079e+02    77    1.579058e-06
 57  6.248253e+02    1.978247e+02    1.591083e+02    1.067079e+02    84    4.792994e-07
 58  5.583478e+02    1.774207e+02    1.530032e+02    1.070837e+02   146    2.450451e-06
 59  6.220368e+02    1.823788e+02    1.588637e+02    1.060914e+02    78    9.111403e-06
 60  5.262319e+02    1.325741e+02    1.390884e+02    1.348937e+02   292    2.496502e-06
 61  6.248253e+02    1.983707e+02    1.584660e+02    1.067079e+02    99    5.922631e-08
 62  6.121396e+02    1.999939e+02    1.572324e+02    1.117575e+02   117    2.507387e-03
 63  6.248253e+02    2.069735e+02    1.540617e+02    1.067079e+02    75    4.184375e-07
 64  6.248253e+02    1.987062e+02    1.580608e+02    1.067079e+02    67    2.835840e-06
 65  6.248253e+02    1.972115e+02    1.593022e+02    1.067079e+02    84    7.120477e-06
 66  6.248253e+02    1.983707e+02    1.584660e+02    1.067079e+02    99    4.018057e-07
 67  6.248253e+02    1.882105e+02    1.650176e+02    9.626742e+01    50    8.158582e-05
 68  6.134761e+02    1.998404e+02    1.572938e+02    1.190918e+02    93    2.516173e-05
 69  6.248253e+02    1.908026e+02    1.671318e+02    1.067079e+02   102    1.520083e-07
 70  6.248253e+02    2.028854e+02    1.596251e+02    1.067079e+02    84    3.063245e-06
 71  6.248253e+02    1.991221e+02    1.634885e+02    1.067079e+02    63    6.153354e-06
 72  6.248253e+02    1.983707e+02    1.584660e+02    1.067079e+02    97    1.239849e-06
 73  6.248253e+02    2.023399e+02    1.534449e+02    1.067079e+02   100    6.025961e-08
 74  6.176946e+02    2.060843e+02    1.635406e+02    1.017475e+02   108    4.354572e-07
 75  6.248253e+02    1.966277e+02    1.603033e+02    1.067079e+02    71    2.969217e-07
 76  6.248253e+02    1.871883e+02    1.745851e+02    1.067079e+02    71    1.394340e-05
 77  6.248253e+02    1.884189e+02    1.704642e+02    1.067079e+02    72    1.199615e-06
 78  6.248253e+02    1.883445e+02    1.449089e+02    1.369031e+02    99    9.638904e-05
 79  5.969354e+02    2.137818e+02    1.679991e+02    9.428695e+01    66    2.154393e-05
 80  6.248253e+02    1.961783e+02    1.598245e+02    1.067079e+02    78    1.400149e-06
 81  6.200059e+02    2.001046e+02    1.458708e+02    1.028609e+02    58    2.016109e-06
 82  6.248253e+02    2.140638e+02    1.646428e+02    7.666287e+01   119    4.765778e-06
 83  5.651462e+02    1.899949e+02    1.657561e+02    8.478377e+01   105    8.875286e-06
 84  6.157411e+02    1.871922e+02    1.609692e+02    1.022173e+02   107    2.172374e-07
 85  2.992987e+02    1.412131e+02    1.446307e+02    1.331040e+02    94    2.899758e-06
 86  6.261614e+02    1.982109e+02    1.586692e+02    9.700584e+01    97    1.290735e-06
 87  6.492892e+02    1.924658e+02    1.462402e+02    1.164452e+02    84    2.576220e-06
 88  5.054676e+02    1.676394e+02    1.490547e+02    1.336713e+02   109    8.593618e-06
 89  7.501156e+02    1.918618e+02    1.674972e+02    1.067079e+02    82    1.710019e-05
 90  6.248253e+02    1.983707e+02    1.584660e+02    1.067079e+02    99    2.609938e-08
 91  6.490496e+02    1.914373e+02    1.658296e+02    1.052077e+02   125    4.299670e-04
 92  6.248253e+02    1.996071e+02    1.574909e+02    1.094110e+02    54    6.166074e-06
 93  6.248253e+02    1.983707e+02    1.584660e+02    1.067079e+02    73    1.763418e-06
 94  6.248253e+02    1.983707e+02    1.584660e+02    1.067079e+02    91    3.593503e-08
 95  6.178189e+02    1.944010e+02    1.600857e+02    1.038022e+02    68    3.450007e-06
 96  6.130146e+02    2.044743e+02    1.526401e+02    1.067079e+02    54    1.041609e-05
 97  6.248253e+02    1.983707e+02    1.584660e+02    1.067079e+02    91    7.872110e-07
 98  3.832351e+02    2.293640e+02    2.046412e+02    2.181293e+02   219    3.927261e-05
 99  6.248253e+02    1.983707e+02    1.520208e+02    1.067079e+02    67    3.319834e-06
100  6.248253e+02    1.782787e+02    1.576353e+02    1.442126e+02    71    1.303383e-05
Mean and rmse values:
squark:  mean = 598.479, rmse_est = 104.867, rmse_true = 109.200
chi2:    mean = 191.892, rmse_est = 21.243, rmse_true = 24.182
slepton: mean = 158.433, rmse_est = 9.888, rmse_true = 17.446
chi1:    mean = 109.667, rmse_est = 25.364, rmse_true = 28.348


====


Simplex fit, 25 event bins, no combinatorics, initial guess is 1.1 of true values for all masses: (same as straight above except simplex)
  1  6.326356e+02    1.934114e+02    1.644085e+02    1.107095e+02     7    3.966027e-07
  2  6.248253e+02    2.182078e+02    1.584660e+02    1.067079e+02     7    1.920035e-05
  3  6.248253e+02    1.983707e+02    1.584660e+02    1.067079e+02     8    9.039817e-07
  4  6.306830e+02    2.051897e+02    1.564852e+02    1.103760e+02     8    8.502709e-08
  5  6.482562e+02    1.934114e+02    1.644085e+02    1.080418e+02     7    3.568470e-06
  6  6.489885e+02    1.955811e+02    1.606325e+02    1.091672e+02    10    9.636672e-05
  7  6.463037e+02    1.958911e+02    1.639133e+02    1.077083e+02     8    5.757809e-06
  8  6.248253e+02    1.983707e+02    1.584660e+02    1.067079e+02     8    9.372257e-08
  9  6.360755e+02    2.154545e+02    1.296048e+02    1.204202e+02    16    2.601431e-04
 10  6.716872e+02    2.132485e+02    1.505427e+02    1.147110e+02    10    2.708552e-05
 11  6.115539e+02    2.022693e+02    1.676002e+02    1.079975e+02    20    3.724070e-02
 12  6.423985e+02    2.008503e+02    1.589612e+02    1.097091e+02     8    8.634681e-06
 13  6.248253e+02    1.983707e+02    1.584660e+02    1.067079e+02     7    1.295523e-06
 14  6.248253e+02    1.983707e+02    1.584660e+02    1.067079e+02     8    9.841543e-08
 15  4.966873e+02    1.903797e+02    1.794736e+02    1.154352e+02    15    1.597006e-04
 16  5.623428e+02    2.082892e+02    1.663893e+02    1.120433e+02     8    8.947307e-07
 17  6.248253e+02    1.983707e+02    1.584660e+02    1.067079e+02     8    2.157337e-04
 18  8.187656e+02    1.626922e+02    1.183064e+02    1.359565e+02    28    9.290819e-03
 19  6.378121e+02    1.963360e+02    1.612674e+02    1.115935e+02    16    1.850781e-03
 20  6.248253e+02    1.983707e+02    1.584660e+02    1.173787e+02     8    2.539433e-06
 21  6.248253e+02    1.983707e+02    1.584660e+02    1.173787e+02    12    2.290206e-05
 22  6.248253e+02    1.983707e+02    1.584660e+02    1.173787e+02    12    7.285836e-06
 23  6.092047e+02    2.058096e+02    1.644085e+02    1.080418e+02     8    1.399998e-07
 24  6.716872e+02    2.132485e+02    1.267728e+02    1.147110e+02     9    4.440288e-04
 25  6.248253e+02    1.983707e+02    1.584660e+02    1.067079e+02    26    1.140650e-03
 26  5.623428e+02    2.082892e+02    1.663893e+02    1.120433e+02     8    8.447764e-07
 27  6.326356e+02    2.058096e+02    1.545044e+02    1.107095e+02     7    3.672744e-06
 28  6.804597e+02    1.983548e+02    1.376465e+02    1.176821e+02    29    1.377492e-02
 29  6.482562e+02    1.934114e+02    1.644085e+02    1.080418e+02     8    2.065443e-05
 30  5.642934e+02    2.162227e+02    1.564646e+02    1.108254e+02    19    6.300048e-04
 31  6.326356e+02    1.934114e+02    1.644085e+02    1.107095e+02     8    1.513199e-06
 32  6.248253e+02    1.983707e+02    1.584660e+02    1.067079e+02     8    7.809546e-06
 33  6.248253e+02    1.983707e+02    1.584660e+02    1.067079e+02     8    8.702878e-06
 34  6.326356e+02    1.934114e+02    1.644085e+02    1.107095e+02     7    4.186567e-03
 35  5.623428e+02    2.082892e+02    1.663893e+02    1.120433e+02     8    1.178966e-05
 36  6.485003e+02    2.058871e+02    1.577232e+02    1.107511e+02    10    7.380255e-05
 37  6.290889e+02    2.005484e+02    1.571500e+02    1.102027e+02    21    8.761393e-04
 38  6.306830e+02    1.958911e+02    1.639133e+02    1.103760e+02     8    1.655198e-07
 39  6.521614e+02    2.020902e+02    1.505427e+02    1.113764e+02     8    5.859097e-05
 40  6.482562e+02    1.934114e+02    1.644085e+02    1.080418e+02     8    2.396247e-04
 41  6.404459e+02    1.983707e+02    1.624276e+02    1.093756e+02     8    2.979109e-07
 42  6.248253e+02    1.983707e+02    1.584660e+02    1.067079e+02     7    4.739929e-08
 43  6.277542e+02    1.996105e+02    1.631705e+02    1.098758e+02    10    3.741841e-07
 44  4.998602e+02    2.132485e+02    1.703509e+02    1.147110e+02     8    1.151697e-05
 45  6.238605e+02    2.018129e+02    1.588026e+02    1.110866e+02    14    1.100327e-03
 46  6.326356e+02    2.058096e+02    1.545044e+02    1.107095e+02     7    5.869887e-05
 47  6.248253e+02    1.983707e+02    1.743126e+02    1.067079e+02     7    1.689423e-05
 48  6.463037e+02    1.958911e+02    1.599516e+02    1.103760e+02     8    6.379690e-07
 49  4.998602e+02    2.132485e+02    1.703509e+02    1.147110e+02     8    7.433579e-06
 50  4.998602e+02    2.132485e+02    1.703509e+02    1.147110e+02     8    9.112937e-03
 51  6.092047e+02    2.058096e+02    1.604468e+02    1.107095e+02     7    6.621518e-06
 52  6.092047e+02    2.058096e+02    1.604468e+02    1.107095e+02     7    2.595804e-07
 53  6.463037e+02    1.958911e+02    1.599516e+02    1.103760e+02     8    1.733016e-05
 54  6.463037e+02    1.958911e+02    1.599516e+02    1.103760e+02     8    2.152538e-06
 55  6.482562e+02    1.934114e+02    1.644085e+02    1.080418e+02     7    2.279679e-05
 56  6.267779e+02    2.039499e+02    1.604468e+02    1.097091e+02     8    1.218551e-06
 57  6.248253e+02    1.983707e+02    1.584660e+02    1.067079e+02     8    1.100607e-06
 58  5.973672e+02    1.969178e+02    1.689118e+02    1.104489e+02    12    5.041389e-06
 59  6.159624e+02    2.065990e+02    1.596266e+02    1.092584e+02    13    3.528778e-05
 60  6.991625e+02    1.932705e+02    1.300628e+02    1.241622e+02    22    5.568293e-03
 61  6.404459e+02    1.983707e+02    1.624276e+02    1.093756e+02     8    5.879469e-08
 62  6.290372e+02    2.013007e+02    1.570492e+02    1.132458e+02    59    3.025039e-03
 63  6.326356e+02    2.058096e+02    1.545044e+02    1.107095e+02     7    4.487271e-07
 64  6.248253e+02    1.983707e+02    1.584660e+02    1.067079e+02     8    2.981012e-06
 65  6.423985e+02    1.989906e+02    1.604468e+02    1.097091e+02     8    7.062198e-06
 66  6.326356e+02    1.934114e+02    1.644085e+02    1.107095e+02     7    2.476316e-07
 67  6.248253e+02    1.983707e+02    1.743126e+02    1.067079e+02     7    7.835459e-05
 68  6.306830e+02    2.051897e+02    1.564852e+02    1.103760e+02     8    4.359612e-05
 69  6.482562e+02    1.934114e+02    1.644085e+02    1.080418e+02     7    4.760443e-07
 70  6.248253e+02    1.983707e+02    1.584660e+02    1.067079e+02     8    4.365368e-06
 71  5.623428e+02    2.082892e+02    1.663893e+02    1.120433e+02     8    1.636690e-06
 72  6.092047e+02    2.008503e+02    1.644085e+02    1.107095e+02     7    5.569908e-07
 73  6.092047e+02    2.058096e+02    1.604468e+02    1.107095e+02     7    1.559538e-07
 74  6.188036e+02    2.070210e+02    1.653762e+02    1.063233e+02    15    1.205535e-04
 75  6.248253e+02    1.983707e+02    1.584660e+02    1.067079e+02     8    1.339332e-06
 76  6.560666e+02    1.785336e+02    1.663893e+02    1.120433e+02     8    1.464645e-05
 77  6.560666e+02    1.785336e+02    1.663893e+02    1.120433e+02     8    7.294622e-07
 78  6.716872e+02    2.132485e+02    1.267728e+02    1.147110e+02     8    3.040257e-04
 79  5.779634e+02    2.113888e+02    1.688653e+02    1.070414e+02    10    1.714187e-05
 80  6.248253e+02    1.983707e+02    1.584660e+02    1.067079e+02     8    2.119993e-06
 81  6.170150e+02    2.051897e+02    1.639133e+02    1.077083e+02     8    1.076756e-07
 82  6.248253e+02    1.983707e+02    1.584660e+02    1.067079e+02     8    1.005540e-04
 83  6.267779e+02    1.834929e+02    1.688653e+02    1.110429e+02    10    2.531965e-05
 84  6.102877e+02    2.035988e+02    1.664725e+02    1.089340e+02    14    1.415758e-06
 85  6.716872e+02    2.132485e+02    1.267728e+02    1.147110e+02     9    3.239108e-04
 86  6.297104e+02    1.989611e+02    1.593816e+02    1.111591e+02    23    6.117256e-05
 87  6.248253e+02    1.983707e+02    1.584660e+02    1.173787e+02     8    3.081154e-05
 88  6.489885e+02    1.955811e+02    1.645942e+02    1.091672e+02    10    1.142279e-04
 89  6.560666e+02    1.785336e+02    1.663893e+02    1.120433e+02     8    1.037302e-05
 90  6.267779e+02    2.039499e+02    1.604468e+02    1.097091e+02     8    1.731241e-08
 91  6.482562e+02    1.884522e+02    1.644085e+02    1.107095e+02     9    5.346618e-04
 92  6.248253e+02    1.983707e+02    1.584660e+02    1.173787e+02     8    4.464354e-06
 93  6.404459e+02    1.983707e+02    1.624276e+02    1.093756e+02     8    1.417256e-06
 94  6.248253e+02    1.983707e+02    1.584660e+02    1.067079e+02     8    3.593503e-08
 95  6.092047e+02    2.008503e+02    1.644085e+02    1.107095e+02     7    3.147411e-06
 96  5.623428e+02    2.082892e+02    1.663893e+02    1.120433e+02     8    4.859152e-07
 97  5.623428e+02    2.082892e+02    1.663893e+02    1.120433e+02     8    5.448328e-07
 98  5.154809e+02    2.287462e+02    1.530187e+02    1.230476e+02    12    1.503802e-04
 99  6.248253e+02    1.983707e+02    1.584660e+02    1.173787e+02     7    2.285872e-06
100  6.248253e+02    1.983707e+02    1.584660e+02    1.173787e+02     8    7.144206e-05
Mean and rmse values:
squark:  mean = 623.468, rmse_est = 41.824, rmse_true = 69.450
chi2:    mean = 200.391, rmse_est = 8.863, rmse_true = 21.925
slepton: mean = 159.461, rmse_est = 9.986, rmse_true = 18.355
chi1:    mean = 111.088, rmse_est = 4.467, rmse_true = 14.772



1 desember
migrad

  1  5.964241e+02    1.893538e+02    1.512630e+02    1.018576e+02    99    8.265950e-09
  2  5.964241e+02    1.893539e+02    1.512630e+02    1.171362e+02   105    7.796762e-07
  3  5.964241e+02    1.893539e+02    1.512630e+02    1.018576e+02    99    5.723433e-09
  4  5.964241e+02    1.893539e+02    1.512630e+02    1.018576e+02   101    3.135023e-09
  5  5.964242e+02    1.846288e+02    1.573494e+02    1.018576e+02   104    6.426384e-08
  6  5.964242e+02    1.862744e+02    1.536728e+02    9.374879e+01    84    1.059067e-08
  7  5.964242e+02    1.826226e+02    1.564977e+02    1.018576e+02    93    1.222747e-07
  8  5.964241e+02    1.893539e+02    1.512630e+02    1.018576e+02    99    2.430120e-10
  9  5.964241e+02    1.893539e+02    1.398517e+02    1.259906e+02    59    1.939768e-05
 10  6.488471e+02    2.254211e+02    1.474400e+02    1.096819e+02    85    1.318071e-06
 11  6.112518e+02    1.652905e+02    1.536572e+02    1.048345e+02    84    3.382518e-07
 12  5.964242e+02    1.872743e+02    1.532107e+02    1.018576e+02    89    1.082301e-07
 13  5.964241e+02    1.893538e+02    1.512630e+02    1.018576e+02    99    5.417998e-09
 14  5.964242e+02    1.893539e+02    1.512630e+02    1.018576e+02    99    9.371217e-10
 15  5.610680e+02    1.706484e+02    1.626893e+02    8.302990e+01    63    9.507607e-06
 16  5.964241e+02    1.893538e+02    1.635723e+02    1.018576e+02   104    1.127059e-08
 17  5.964241e+02    1.893538e+02    1.512630e+02    1.018576e+02    61    2.198006e-06
 18  6.482633e+02    1.868130e+02    1.707774e+02    2.068903e+02   122    7.025480e-05
 19  6.089463e+02    1.869491e+02    1.344607e+02    1.068399e+02    83    9.268755e-07
 20  5.964242e+02    1.893538e+02    1.512630e+02    1.018576e+02    99    3.110071e-08
 21  5.964241e+02    1.895907e+02    1.509857e+02    1.018576e+02    93    1.973834e-07
 22  6.171701e+02    1.938086e+02    1.501062e+02    1.041916e+02    76    2.906772e-08
 23  5.964241e+02    1.893539e+02    1.512630e+02    1.018576e+02   103    3.966523e-09
 24  5.964241e+02    2.083961e+02    1.441143e+02    1.254644e+02    63    2.713160e-06
 25  6.003116e+02    1.885973e+02    1.521827e+02    9.030748e+01   107    7.185025e-06
 26  5.964241e+02    1.893538e+02    1.512630e+02    1.018576e+02    99    2.051022e-08
 27  5.964241e+02    1.893539e+02    1.512630e+02    1.018576e+02    93    1.431634e-07
 28  7.531149e+02    1.972275e+02    1.431434e+02    1.168702e+02   104    3.595573e-05
 29  5.964242e+02    1.832270e+02    1.581943e+02    1.018576e+02    67    3.573597e-07
 30  5.760069e+02    2.044819e+02    1.187430e+02    6.555715e+01    61    2.825550e-05
 31  5.964241e+02    1.893538e+02    1.512630e+02    1.018576e+02    69    2.875884e-07
 32  5.964242e+02    1.893538e+02    1.512630e+02    1.018576e+02    97    7.971630e-08
 33  5.964242e+02    1.893538e+02    1.512630e+02    1.018576e+02    89    1.156510e-07
 34  5.878527e+02    1.373357e+02    1.357387e+02    1.024847e+02   219    3.534461e-06
 35  5.964241e+02    1.893539e+02    1.512630e+02    1.018576e+02    65    1.893340e-06
 36  6.194662e+02    2.001568e+02    1.491113e+02    1.061922e+02    80    5.986590e-09
 37  6.205348e+02    1.898586e+02    1.459766e+02    7.845047e+01    93    3.633315e-06
 38  5.964241e+02    1.893538e+02    1.512630e+02    1.018576e+02   101    2.929070e-09
 39  5.964242e+02    1.893538e+02    1.512630e+02    1.018576e+02    87    1.382377e-06
 40  7.216195e+02    1.748398e+02    1.512630e+02    1.018576e+02    89    1.246384e-06
 41  5.964242e+02    1.861525e+02    1.512630e+02    1.018576e+02    80    6.967409e-09
 42  5.964242e+02    1.893538e+02    1.512630e+02    1.018576e+02    89    6.536315e-10
 43  5.964241e+02    1.903019e+02    1.512630e+02    1.004886e+02    83    7.953362e-09
 44  5.964241e+02    1.893538e+02    1.512630e+02    1.018576e+02    81    1.330701e-06
 45  5.825891e+02    1.906765e+02    1.498316e+02    1.229269e+02    62    1.256900e-06
 46  5.964241e+02    1.931021e+02    1.473077e+02    1.018576e+02    96    5.609407e-07
 47  5.964241e+02    1.893538e+02    1.512630e+02    1.018576e+02    91    1.011409e-06
 48  5.964242e+02    1.893538e+02    1.512630e+02    1.018576e+02    91    1.317210e-07
 49  5.964241e+02    1.893539e+02    1.512630e+02    1.018576e+02    89    1.158564e-06
 50  5.964241e+02    1.897664e+02    1.505985e+02    1.018576e+02    54    7.935553e-05
 51  5.964241e+02    1.893538e+02    1.512630e+02    1.018576e+02    97    3.517751e-08
 52  5.964241e+02    1.893539e+02    1.512630e+02    1.018576e+02    93    3.639178e-09
 53  5.964242e+02    1.893538e+02    1.512630e+02    1.018576e+02    97    2.408348e-07
 54  5.964242e+02    1.893538e+02    1.512630e+02    1.018576e+02   101    2.935466e-08
 55  5.964242e+02    1.893538e+02    1.512630e+02    1.018576e+02    87    3.276532e-06
 56  5.964241e+02    1.893539e+02    1.512630e+02    1.018576e+02    99    1.478132e-08
 57  5.964242e+02    1.893538e+02    1.512630e+02    1.018576e+02    77    1.053525e-08
 58  5.835292e+02    1.817391e+02    1.541160e+02    9.610036e+01    87    4.686728e-08
 59  5.930641e+02    1.893538e+02    1.517466e+02    1.011076e+02    94    4.902086e-08
 60  5.964250e+02    5.852830e+01    1.362379e+02    1.330887e+02    95    9.165391e-05
 61  5.964242e+02    1.893538e+02    1.512630e+02    1.018576e+02   103    6.097629e-10
 62  5.869745e+02    1.905532e+02    1.503358e+02    1.055400e+02    83    2.367330e-05
 63  5.964241e+02    1.893539e+02    1.512630e+02    1.018576e+02    99    7.009946e-08
 64  5.964242e+02    1.893538e+02    1.512630e+02    1.018576e+02    81    8.744626e-09
 65  5.964242e+02    1.893538e+02    1.512630e+02    1.018576e+02    67    1.714661e-07
 66  5.964241e+02    1.893538e+02    1.512630e+02    1.018576e+02    97    2.617338e-09
 67  5.964241e+02    1.893538e+02    1.512630e+02    1.018576e+02    87    1.981297e-06
 68  5.964241e+02    1.922379e+02    1.494174e+02    1.081786e+02    75    3.346998e-07
 69  5.964242e+02    1.893538e+02    1.512630e+02    1.018576e+02    99    5.250868e-08
 70  5.964241e+02    1.893539e+02    1.512630e+02    1.018576e+02   101    2.592065e-08
 71  5.964241e+02    1.893539e+02    1.512630e+02    1.018576e+02    97    3.568639e-08
 72  5.964241e+02    1.893538e+02    1.512630e+02    1.018576e+02    93    6.754284e-09
 73  5.964241e+02    1.893539e+02    1.512630e+02    1.018576e+02    93    8.909054e-09
 74  5.926189e+02    1.933436e+02    1.538991e+02    9.915094e+01    64    1.558792e-09
 75  5.964242e+02    1.893538e+02    1.512630e+02    1.018576e+02   101    6.931124e-09
 76  5.964241e+02    1.893538e+02    1.512630e+02    1.018576e+02    69    4.310714e-06
 77  5.964241e+02    1.893538e+02    1.512630e+02    1.018576e+02    81    7.501211e-07
 78  5.964242e+02    2.461600e+02    1.403332e+02    1.247268e+02    78    1.131255e-05
 79  5.705475e+02    2.040885e+02    1.605883e+02    9.029345e+01    98    1.900698e-07
 80  5.964241e+02    1.893538e+02    1.512630e+02    1.018576e+02    99    1.809518e-08
 81  5.964241e+02    1.893539e+02    1.512630e+02    1.018576e+02    87    8.652323e-08
 82  5.964242e+02    1.893538e+02    1.560806e+02    1.018576e+02    79    6.378568e-07
 83  5.964241e+02    1.801887e+02    1.591827e+02    7.754195e+01    79    5.274352e-08
 84  5.920326e+02    1.838199e+02    1.524525e+02    9.965266e+01    80    3.287479e-10
 85  5.964241e+02    1.893538e+02    1.392658e+02    1.251817e+02    69    2.017062e-06
 86  5.978282e+02    1.891863e+02    1.514760e+02    9.161448e+01    87    4.141598e-10
 87  5.964242e+02    1.893538e+02    1.512630e+02    1.018576e+02    75    1.562375e-06
 88  5.964242e+02    1.860704e+02    1.547609e+02    1.018576e+02    82    4.510749e-07
 89  7.216213e+02    1.893538e+02    1.512630e+02    1.018576e+02   111    5.828800e-07
 90  5.964241e+02    1.893539e+02    1.512630e+02    1.018576e+02    95    2.687176e-10
 91  5.964241e+02    1.847499e+02    1.563776e+02    1.018576e+02    77    7.474936e-06
 92  5.964241e+02    1.893539e+02    1.512630e+02    1.018576e+02    99    4.434444e-08
 93  5.964242e+02    1.893538e+02    1.512630e+02    1.018576e+02   101    1.652551e-08
 94  5.964242e+02    1.893538e+02    1.512630e+02    1.018576e+02    93    8.041305e-10
 95  5.964241e+02    1.893538e+02    1.512630e+02    1.018576e+02    93    3.119030e-08
 96  5.964241e+02    1.893539e+02    1.512630e+02    1.018576e+02    93    1.612165e-07
 97  5.964241e+02    1.893538e+02    1.512630e+02    1.018576e+02   103    4.139443e-09
 98  5.580680e+02    2.054291e+02    1.362452e+02    2.393653e+02    85    3.065760e-05
 99  5.964242e+02    1.893538e+02    1.512630e+02    1.018576e+02    93    4.025650e-08
100  5.964242e+02    1.893539e+02    1.512630e+02    1.018576e+02    85    1.157797e-06
Mean and rmse values:
squark:  mean = 600.780, rmse_est = 25.641, rmse_true = 41.599
chi2:    mean = 188.295, rmse_est = 16.441, rmse_true = 18.266
slepton: mean = 150.675, rmse_est = 5.999, rmse_true = 8.930
chi1:    mean = 104.808, rmse_est = 19.138, rmse_true = 20.666




1 december 

=== Scipy optimization ===
Herwig events:

Minitial = 1.05*Mtrue, method = TNC, bounds = all > 0
squark:  mean = 550.790, rmse_est = 68.856, rmse_true = 70.979
chi2:    mean = 179.240, rmse_est = 17.806, rmse_true = 17.840
slepton: mean = 149.861, rmse_est = 10.944, rmse_true = 12.387
chi1:    mean = 110.889, rmse_est = 23.114, rmse_true = 26.962

Minitial = 1.05*Mtrue, method=slsqp, bounds = all > 0
squark:  mean = 525.282, rmse_est = 99.289, rmse_true = 108.098
chi2:    mean = 176.464, rmse_est = 25.686, rmse_true = 25.976
slepton: mean = 149.706, rmse_est = 22.372, rmse_true = 23.074
chi1:    mean = 114.116, rmse_est = 37.684, rmse_true = 41.386

Minitial = 1.1*Mtrue, method = TNC, bounds = all > 0
squark:  mean = 565.366, rmse_est = 73.398, rmse_true = 73.446
chi2:    mean = 184.421, rmse_est = 25.099, rmse_true = 25.429
slepton: mean = 153.731, rmse_est = 21.688, rmse_true = 23.747
chi1:    mean = 113.522, rmse_est = 23.525, rmse_true = 28.743

Minitial = 1.1*Mtrue, method=slsqp, bounds = all > 0
squark:  mean = 536.431, rmse_est = 111.826, rmse_true = 116.203
chi2:    mean = 192.819, rmse_est = 92.306, rmse_true = 93.146
slepton: mean = 166.865, rmse_est = 94.670, rmse_true = 97.378
chi1:    mean = 133.158, rmse_est = 102.870, rmse_true = 109.037



=== 2 dececmber ===
Scipy TNC optimization on CompHEP events. Testing option maxiter:
Minitial = 1.1*true, maxiter = 100 (default):
squark:  mean = 570.220, rmse_est = 15.289, rmse_true = 29.133
chi2:    mean = 196.294, rmse_est = 4.697, rmse_true = 16.634
slepton: mean = 159.048, rmse_est = 3.695, rmse_true = 15.437
chi1:    mean = 111.489, rmse_est = 5.941, rmse_true = 15.653

Minitial = 1.1*true, maxiter = 200:
squark:  mean = 567.032, rmse_est = 15.350, rmse_true = 26.508
chi2:    mean = 195.811, rmse_est = 4.903, rmse_true = 16.233
slepton: mean = 159.065, rmse_est = 3.692, rmse_true = 15.453
chi1:    mean = 112.044, rmse_est = 6.053, rmse_true = 16.209

Increasing actually makes it worse! Set it to None (=default) for what follows.

TNC minimization of CompHEP events for different initial guesses:
Minitial = 1.1*true:
squark:  mean = 570.220, rmse_est = 15.289, rmse_true = 29.133
chi2:    mean = 196.294, rmse_est = 4.697, rmse_true = 16.634
slepton: mean = 159.048, rmse_est = 3.695, rmse_true = 15.437
chi1:    mean = 111.489, rmse_est = 5.941, rmse_true = 15.653

Minitial = 0.9*true
squark:  mean = 526.429, rmse_est = 16.110, rmse_true = 24.904
chi2:    mean = 166.110, rmse_est = 4.527, rmse_true = 14.930
slepton: mean = 129.546, rmse_est = 3.334, rmse_true = 14.892
chi1:    mean = 80.493, rmse_est = 6.419, rmse_true = 17.717

Minitial = 0.5*true
squark:  mean = 447.775, rmse_est = 75.308, rmse_true = 123.313
chi2:    mean = 118.345, rmse_est = 24.069, rmse_true = 66.501
slepton: mean = 84.150, rmse_est = 16.885, rmse_true = 62.244
chi1:    mean = 27.706, rmse_est = 19.926, rmse_true = 72.109

Minitial = 2.0*true
squark:  mean = 823.802, rmse_est = 183.821, rmse_true = 333.596
chi2:    mean = 335.318, rmse_est = 36.505, rmse_true = 159.222
slepton: mean = 284.970, rmse_est = 24.254, rmse_true = 142.982
chi1:    mean = 221.017, rmse_est = 34.397, rmse_true = 128.692



=== 3 december ===
Implemented smearing. Results:

Herwig events, scipy tnc fit, 1.0*Mtrue initial guess:
squark:  mean = 538.854, rmse_est = 73.741, rmse_true = 79.300
chi2:    mean = 169.677, rmse_est = 19.762, rmse_true = 22.454
slepton: mean = 139.664, rmse_est = 13.078, rmse_true = 13.798
chi1:    mean = 101.562, rmse_est = 23.962, rmse_true = 24.391
Thesis-friendly numbers: mean \pm rmse_est [rmse_true]
squark : 539 \pm 74 [79]
chi2   : 170 \pm 20 [22]
slepton: 140 \pm 13 [14]
chi1   : 102 \pm 24 [24]

Herwig events, scipy tnc fit, 1.05*Mtrue initial guess:
squark:  mean = 562.779, rmse_est = 59.690, rmse_true = 59.920
chi2:    mean = 180.440, rmse_est = 19.726, rmse_true = 19.727
slepton: mean = 149.379, rmse_est = 12.121, rmse_true = 13.237
chi1:    mean = 108.447, rmse_est = 23.923, rmse_true = 26.517
Thesis-friendly numbers: mean \pm rmse_est [rmse_true]
squark : 563 \pm 60 [60]
chi2   : 180 \pm 20 [20]
slepton: 149 \pm 12 [13]
chi1   : 108 \pm 24 [27]

Herwig events, scipy tnc fit, 0.9*Mtrue initial guess:
squark:  mean = 524.203, rmse_est = 70.840, rmse_true = 83.297
chi2:    mean = 156.873, rmse_est = 23.634, rmse_true = 33.304
slepton: mean = 127.970, rmse_est = 13.268, rmse_true = 20.855
chi1:    mean = 87.314, rmse_est = 20.473, rmse_true = 22.652
Thesis-friendly numbers: mean \pm rmse_est [rmse_true]
squark : 524 \pm 71 [83]
chi2   : 157 \pm 24 [33]
slepton: 128 \pm 13 [21]
chi1   : 87 \pm 20 [23]

Herwig events, scipy tnc fit, 1.1*Mtrue initial guess:
squark:  mean = 562.687, rmse_est = 87.151, rmse_true = 87.314
chi2:    mean = 184.136, rmse_est = 27.569, rmse_true = 27.830
slepton: mean = 154.546, rmse_est = 13.019, rmse_true = 16.717
chi1:    mean = 115.557, rmse_est = 17.094, rmse_true = 25.225
Thesis-friendly numbers: mean \pm rmse_est [rmse_true]
squark : 563 \pm 87 [87]
chi2   : 184 \pm 28 [28]
slepton: 155 \pm 13 [17]
chi1   : 116 \pm 17 [25]


=== 4 december ===
